LOG: 0
LOG: var data_0 = [ [0,0,1],[0,0,1],[0,0,1],[0.03,0,1],[0.04,0.02,1],[0.01,0.03,1],[-0.01,0,1],[-0.02,0.04,1],[-0.02,0.01,1],[-0.01,0.01,1],[-0.02,0,1],[-0.02,-0.01,1],[-0.02,-0.01,1],[-0.02,-0.01,1],[-0.02,-0.03,1],[0,-0.03,1.0384615384615385],[0.01,-0.01,1],[0.02,-0.01,0.9615384615384615],[0.01,-0.02,1],[0.03,0.01,1],[0.02,0.02,1],[0.03,0.02,1],[0.01,0.02,1],[0,0.01,0.9615384615384615],[-0.02,0.01,1],[0,0.01,1],[-0.05,0.01,1] ]
LOG: 0
LOG: var data_1 = [ [-0.01,0,1],[0,0,1],[0.01,0,1],[0.01,0.01,1],[0,0.02,1],[0,0.03,1],[-0.01,0.01,1],[0,0.01,1],[-0.02,-0.02,1],[-0.02,-0.01,1],[-0.02,-0.01,1],[0,0.01,1],[-0.01,0.01,1],[-0.02,0,1],[-0.01,-0.01,1],[-0.01,-0.02,1],[-0.01,-0.02,1],[0.01,0,1],[0.01,-0.01,1],[0.03,0,1],[0,-0.03,1],[0.03,0,1],[0,-0.04,1],[0.02,0,1],[0.02,0,1],[0.01,0.01,1],[0,0.01,1],[0,0.02,1],[0,0.01,1],[0.02,0.01,1],[0,0.01,1],[-0.01,-0.01,1] ]
LOG: 0
LOG: var data_2 = [ [0,0,1],[0,0,1],[0,0,1],[0.01,0,1],[0,0.01,0.9615384615384615],[-0.01,0.01,1],[-0.02,0,1],[-0.01,0,1],[0,0.01,1],[0.01,0.03,1],[0,0.02,1],[-0.01,0.02,1],[-0.02,0.01,1],[-0.02,-0.02,1],[-0.01,-0.02,1],[-0.02,0,1],[-0.02,0,1],[0.01,0.04,1],[0,0,1],[0.01,-0.01,1],[0,-0.02,1],[0.01,-0.02,1],[0.03,0.01,1],[0.05,0.07,0.9615384615384615],[0.03,0.03,1],[0.01,0.01,1],[0,0.01,1],[-0.01,0.01,1],[0,0.01,1],[-0.05,-0.01,1] ]
LOG: 6
LOG: var data_3 = [ [0,0,1],[0,0,1],[0,0,1],[0,0,1],[0.03,0.01,1],[0.02,0.01,1],[0,0.02,1],[0.01,0.02,1],[-0.01,0.01,1],[-0.02,0.01,1],[-0.02,-0.01,1],[-0.01,0,1],[-0.01,0.03,1],[-0.02,0,1],[-0.02,-0.02,1],[-0.01,-0.01,1],[-0.02,-0.02,1],[0,-0.02,0.9615384615384615],[-0.02,-0.03,0.9615384615384615],[0.01,-0.02,1],[0.03,0.01,1],[0,-0.02,1],[-0.01,-0.02,0.923076923076923],[0.01,0.01,1],[0.03,0.03,1],[0.01,0.03,1.0384615384615385],[0,0.01,1],[-0.01,0.01,1],[-0.03,0.01,1] ]
LOG: 6
LOG: var data_4 = [ [0,0,1],[0,0,1],[0.02,0.01,1],[0.01,0,1],[0,0.01,1],[-0.01,0.01,1],[-0.01,0.01,1],[-0.03,-0.01,1],[-0.02,0.02,1],[-0.03,0,1],[-0.02,0,1],[-0.02,-0.03,1],[-0.03,-0.01,1],[-0.01,-0.02,1],[-0.01,-0.01,0.9615384615384615],[0,-0.02,1],[0,-0.03,1],[0.01,-0.02,1],[0.01,-0.03,1],[0.04,0.02,1],[0.03,0,1],[0.02,0.03,1],[0.01,0.02,1],[-0.04,0.02,1],[-0.05,0,1] ]
LOG: 0
LOG: var data_5 = [ [0,0,1],[0,0,1],[0.01,0,1],[0.02,0.02,1],[0.01,0.02,1],[0,0.03,1],[-0.02,-0.02,1],[0,0.02,0.923076923076923],[-0.02,-0.01,1],[-0.01,0.01,1],[-0.02,0,1],[-0.02,0,1],[-0.02,0,1],[-0.02,-0.01,1],[-0.01,-0.01,1],[0,-0.01,1],[-0.01,-0.01,1],[0.02,-0.01,1],[0,-0.01,1],[0.02,-0.02,1],[0.02,-0.01,1],[0.01,0.01,1],[0.02,0.01,0.923076923076923],[0.02,0.04,1],[0.01,0.03,1],[0,0.01,1],[-0.01,0.01,1],[-0.03,-0.01,1] ]
LOG: 0
LOG: var data_0 = [ [0,0,1],[0,0,1],[0.01,0,1],[0.01,0.01,1],[0.01,0.01,0.9615384615384615],[0.01,0.03,0.9615384615384615],[0,0.04,1],[-0.01,0.03,1],[-0.02,0.01,1],[-0.04,0,1],[-0.04,0,1],[-0.02,-0.02,1],[-0.02,-0.02,0.9615384615384615],[-0.01,-0.03,1],[0.02,-0.03,1.0384615384615385],[0.02,-0.03,1],[0.03,-0.01,1],[0.02,0,1],[0.01,-0.01,1],[0.02,0.02,1],[0.01,0.03,1],[0.01,0.03,0.9615384615384615],[-0.04,0.01,1],[-0.03,0,1] ]
LOG: 6
LOG: var data_1 = [ [0,0,1],[0,0,1],[0.01,0,1],[0,0,1],[0.01,0.03,1],[-0.02,0,1],[-0.01,0.01,1],[-0.02,0,1],[-0.01,0.02,1],[-0.02,0.01,1],[-0.02,0,1],[-0.03,0.01,1],[-0.02,-0.02,1],[-0.01,-0.01,1],[-0.03,-0.02,0.9615384615384615],[0.01,-0.02,1],[0,-0.02,1],[0,-0.03,1],[0.01,-0.02,1],[0.02,-0.01,1],[0.04,0.02,1],[0.02,0.02,1],[0,0.01,1],[-0.02,0.01,1.0384615384615385],[-0.04,0.01,0.9615384615384615] ]
LOG: 6
LOG: var data_2 = [ [0.01,0,1],[0,0,1],[0.01,0.02,1],[-0.01,0.02,1],[-0.02,0.01,1],[-0.02,0.01,1],[-0.04,0,1],[-0.02,0,1],[-0.03,-0.02,1],[-0.02,-0.02,1],[-0.02,-0.02,1],[-0.03,-0.01,0.9615384615384615],[0.01,-0.01,1],[0.01,-0.03,1],[0.03,0,1],[0.02,-0.01,1],[0.03,0.02,1],[0.02,0.03,1],[-0.01,0.03,1],[-0.01,0.02,0.9615384615384615],[-0.05,0.01,1] ]
LOG: 0
LOG: var data_3 = [ [0,0,1],[0.01,-0.01,1],[0.03,0,1],[0.03,0.02,1],[-0.01,0.03,1],[-0.01,0.02,0.9615384615384615],[-0.02,0.02,1],[-0.03,0.01,1],[-0.04,0,1],[-0.03,-0.02,1],[-0.02,-0.02,1],[-0.03,-0.03,1],[-0.02,-0.01,1],[0.01,-0.01,1],[0.01,-0.03,1],[0.01,-0.05,1],[0.02,-0.01,1],[0.03,0.02,1],[0.02,0.03,1],[0,0.04,1],[-0.05,0.01,1],[-0.04,0,1],[0,0,1] ]
LOG: 6
LOG: var data_4 = [ [0,0,1],[0,0,1],[0.01,-0.01,1],[0.02,0,1],[0.01,0.01,1],[0.03,0.04,1],[0.01,0.03,1],[-0.02,0,1],[-0.02,0,1],[-0.02,0.01,1],[-0.03,0,1],[-0.01,-0.02,1],[-0.02,-0.01,1],[-0.02,-0.01,1],[-0.01,0,1],[-0.02,-0.01,0.9615384615384615],[0,-0.02,1],[0.01,-0.04,1],[0.03,-0.02,1],[0.01,-0.01,1],[0.04,0.03,1],[0.03,0.05,1],[-0.02,0.04,1],[-0.06,0,1] ]
LOG: 6
LOG: var data_5 = [ [0,0,1],[0,0,1],[0,0,1],[0,0,1],[0.02,0,1],[-0.01,0,1],[-0.01,0,1],[0,0.01,1],[0,0.01,1],[0.01,0.01,1],[0,0.01,1],[-0.02,0,1],[-0.02,0.01,1],[-0.02,0.02,1],[-0.02,0,1],[-0.03,-0.01,1],[-0.03,-0.02,1],[-0.02,-0.02,1],[-0.02,-0.01,0.9615384615384615],[0,-0.01,0.9615384615384615],[0,-0.02,1],[0.01,-0.02,0.9615384615384615],[0.02,-0.01,1],[0.04,-0.01,1],[0.03,0.02,1],[0.06,0.01,0.9615384615384615],[0.02,0.04,1],[-0.04,0.01,1] ]
LOG: 6
LOG: var data_6 = [ [0,0,1],[0,0,1],[0,0,1],[0.01,0.01,1],[0.01,0,1],[0.01,0.01,1],[0.01,0.02,1],[-0.01,0.01,1],[-0.04,-0.01,1],[-0.01,0.02,1],[-0.02,0.01,1],[-0.02,-0.01,1],[-0.02,-0.01,1],[-0.01,-0.02,1],[-0.01,-0.01,1],[-0.03,-0.01,0.9615384615384615],[0.01,0,1],[0.01,-0.02,0.9615384615384615],[0.04,-0.01,1],[0.01,-0.04,0.9615384615384615],[0.02,0,1],[0.04,0.04,1],[0.01,0.04,1],[-0.01,0.02,1],[-0.03,0,1],[-0.04,0,1] ]
LOG: 6
LOG: var data_7 = [ [0,0,1],[0,0,1],[0.01,0,1],[0.02,0,1],[0.01,0.01,1],[0.01,0.01,1],[-0.01,0.03,1],[-0.02,0.01,1],[-0.01,0.01,1],[-0.01,0.01,1],[-0.03,-0.01,1],[-0.02,0.01,1],[-0.02,-0.01,1],[-0.02,0,1],[-0.02,-0.02,1],[-0.03,-0.01,1],[0,-0.02,1],[0.02,-0.03,1],[0.03,-0.03,1],[0.02,-0.02,1],[0.03,0,1],[0.01,0.03,1],[0.01,0.04,1],[-0.03,0.03,0.9615384615384615],[-0.05,-0.01,1] ]
LOG: 6
LOG: var data_8 = [ [0,0,1],[0.01,0,1],[0.03,0,1],[0,0,1],[0.01,0.03,1],[-0.02,0.03,1],[-0.03,0.01,1],[-0.01,0.01,1],[0,0.02,1],[-0.04,-0.01,1],[-0.03,-0.01,1],[-0.01,-0.01,1],[-0.03,0,1],[-0.04,-0.01,0.9615384615384615],[-0.02,-0.02,1],[0.01,-0.03,1],[0.02,-0.01,1],[0.03,-0.01,1],[0.03,0.02,1],[0.01,0.03,1],[0,0.03,1],[-0.04,0.01,1],[-0.05,0,1] ]
LOG: 6
LOG: var data_9 = [ [0,0,1],[0,0,1],[0.01,0,1],[0.03,0,1],[0,0.01,1],[0,0.01,1],[-0.02,0.01,1],[-0.02,0.01,1],[-0.03,0,1],[-0.02,-0.01,1],[-0.02,0.01,1],[-0.03,0,1],[-0.02,0,1],[-0.02,-0.01,1],[-0.02,-0.01,1],[-0.02,-0.01,1],[0.01,-0.01,1],[0.03,-0.01,1],[0,-0.03,1],[0,-0.02,1],[0.01,0,1],[0.02,0.02,1],[0.02,0.03,1],[0.01,0.03,1],[-0.02,0.02,1],[-0.04,0,1] ]
LOG: 0
LOG: var data_10 = [ [0,0,1],[0,0,1],[0,-0.01,1],[0.02,0,1],[0,0.01,1],[0,0.01,1],[-0.01,0.01,1],[-0.01,0.02,1],[-0.02,0.01,1],[0,0.02,1],[-0.02,0.01,1],[-0.01,0.03,0.9615384615384615],[-0.02,-0.01,1],[-0.03,-0.01,1],[-0.02,-0.02,1],[-0.01,-0.02,1],[0,-0.01,0.9615384615384615],[0.01,-0.02,1],[0.02,-0.01,1],[0.02,-0.01,0.9615384615384615],[0.02,0.01,1],[0.01,0.01,1],[0.02,0.02,1],[0.02,0.01,1],[-0.01,0.01,1],[0,0.01,1],[-0.02,0.03,1],[-0.02,0,1] ]
LOG: 6
LOG: var data_11 = [ [0,0,1],[0,0,1],[0,0,1],[0,0,1],[0.02,0.01,1],[0.02,0.01,1],[0.02,0.02,1],[-0.02,0.02,1],[-0.03,0,1],[-0.01,0.01,1],[-0.01,0.01,1],[-0.01,0,1],[-0.01,0,1],[-0.02,-0.01,1],[-0.02,-0.01,1],[-0.03,-0.01,1],[-0.02,0,1],[0,-0.01,1],[0,-0.02,1],[0.02,-0.03,1],[0.02,-0.02,1],[0.02,0.01,1],[0.04,0.04,1.0384615384615385],[0.03,0.03,0.9615384615384615],[0,0.03,1],[-0.01,0.02,1],[-0.03,0.01,1] ]
LOG: 6
LOG: var data_12 = [ [0,0,1],[0,0,1],[0.02,0,1],[0.03,0.01,1],[0.02,0.02,1],[0.01,0.02,1],[-0.02,0.01,1],[-0.02,0,1],[-0.03,-0.02,1],[-0.02,0.01,0.9615384615384615],[-0.03,0.02,1],[-0.03,0,1],[-0.02,-0.02,1],[-0.01,-0.02,1],[-0.01,0,1],[-0.01,0,1],[0.01,-0.01,1],[0,-0.03,1],[0.03,0,0.9615384615384615],[0.01,-0.03,1],[0.04,0.01,1],[0.04,0.02,0.9615384615384615],[0.02,0,1],[0.02,0.02,1],[-0.04,0.02,1],[-0.05,-0.01,1] ]
LOG: 6
LOG: var data_13 = [ [0,0,1],[0,0,1],[0.01,0,1],[0.02,0,1],[0.02,0.01,1],[0.02,0.01,1],[-0.01,0.01,1],[-0.02,0,1],[-0.01,0.03,1],[-0.03,0.01,1],[-0.04,0.03,1],[-0.02,0.02,1],[-0.03,-0.01,1],[-0.02,-0.03,0.9615384615384615],[-0.01,-0.01,1],[0.03,-0.02,1],[0.03,-0.04,1],[0.01,-0.04,1],[0.02,0.01,1],[0.04,0.03,1],[0.04,0.04,1],[-0.01,0.02,1],[-0.03,0.01,1],[-0.08,-0.01,1] ]
LOG: 6
LOG: var data_14 = [ [0,0,1],[0.01,0,1],[0.03,0.01,1],[0.02,0.01,1],[-0.01,0.01,1],[0.01,0.04,1],[-0.02,0.02,1],[-0.03,0.01,1],[-0.03,-0.01,1],[-0.03,0,0.9615384615384615],[-0.02,-0.02,1],[-0.02,-0.03,1],[-0.01,-0.02,1],[-0.02,0,1],[0,-0.01,0.9615384615384615],[0.02,-0.03,1],[0.04,0,1],[0.03,-0.01,1],[0.04,0.01,1],[0.02,0.02,1],[-0.02,0.03,1],[-0.03,0.03,1],[-0.05,-0.01,1] ]
LOG: 6
LOG: var data_15 = [ [0,0,1],[0,0,1],[0,0,1],[0,0.01,1],[0,0.01,1],[-0.02,0.01,1],[0,0.01,1],[-0.01,0.02,1],[-0.01,0.02,1],[-0.01,0.03,1],[-0.03,0.02,1],[-0.03,0.01,1],[-0.01,-0.01,1],[-0.01,-0.01,1],[-0.02,-0.02,1],[-0.03,-0.02,1],[-0.02,-0.02,1],[0.01,-0.02,1],[0,-0.02,1],[0,0,1],[0.02,0,0.9615384615384615],[0.02,0.01,1],[0,0.02,1],[-0.02,0.02,1],[-0.03,0.01,1],[-0.03,0,1] ]
LOG: 6
LOG: var data_16 = [ [0,0,1],[0,0,1],[0.01,0,1],[0.01,0.01,1],[0.02,0.01,1],[-0.02,-0.01,1],[-0.01,0.04,1],[-0.01,0.03,1],[-0.01,0.01,1],[-0.02,0,1],[-0.01,0.01,1],[-0.02,0,1],[-0.02,-0.01,1],[-0.02,-0.01,1],[-0.03,-0.02,0.9615384615384615],[-0.01,-0.03,0.9615384615384615],[0.01,-0.03,1],[0.03,-0.02,1],[0.02,-0.02,1],[0.03,0.01,0.9615384615384615],[0.02,0.02,1],[0.01,0.03,1],[-0.02,0.02,1],[-0.02,0.03,1],[-0.05,0,1] ]
LOG: 6
LOG: var data_17 = [ [0,0,1],[0,0,1],[0.02,0,1],[0.01,0.01,1],[0.01,0.02,1],[0.02,0.02,1],[-0.01,0.02,1],[-0.04,-0.01,1],[-0.03,0,1],[-0.03,0,1],[-0.02,0.01,1],[-0.01,-0.01,1],[-0.03,-0.02,1],[-0.01,-0.03,1],[0,-0.02,1],[-0.02,-0.01,0.9615384615384615],[0.01,-0.01,1],[0.02,-0.02,1],[0.03,0.01,1],[0.04,0.03,1],[0.04,0.03,1],[0.01,0.04,1.0384615384615385],[-0.01,0.02,1],[-0.05,0.02,1],[-0.02,0,1] ]
LOG: 6
LOG: var data_18 = [ [0,0,1],[-0.01,0,1],[0.01,0,1],[0.03,0.02,1],[0.01,0.01,1],[-0.01,0.02,1],[0,0.03,1],[-0.02,0.02,1],[-0.02,0.02,1],[-0.02,0.01,1],[-0.03,-0.01,1],[-0.02,-0.02,1],[-0.02,-0.02,1],[-0.02,-0.02,1],[-0.02,-0.03,1],[0.01,-0.02,1],[0.01,-0.05,1],[0.02,-0.02,1],[0.04,0.02,1.076923076923077],[0.03,0.02,1],[0.01,0.04,1],[0,0.02,0.9615384615384615],[-0.03,0.01,1],[-0.01,0,1] ]
LOG: 6
LOG: var data_19 = [ [0,0,1],[0,-0.01,0.9615384615384615],[0.01,-0.01,1],[0.02,0.01,1],[0.02,0.03,1],[-0.02,0,0.9615384615384615],[-0.02,0.01,1.0384615384615385],[-0.02,0,1],[-0.03,0,1],[-0.02,0.01,1],[-0.03,0.01,1],[-0.02,-0.01,1],[-0.02,-0.03,1],[-0.01,-0.03,1],[-0.01,-0.03,1],[0,-0.04,1],[0.02,-0.01,1],[0.01,-0.01,1],[0.01,-0.01,1],[0.03,0.02,1],[0.02,0.02,1],[-0.02,0.02,1],[-0.03,0.01,1],[-0.05,0,1] ]
LOG: 6
LOG: var data_20 = [ [0,0,1],[0,0,1],[0,0,1],[0.02,0,1],[0.01,0.01,1],[0,0.02,1],[0.01,0.03,1],[-0.02,0.01,1],[-0.02,0.01,1],[-0.01,0.01,1],[-0.02,0.02,1],[-0.03,0,1],[-0.02,-0.01,1],[-0.03,-0.02,1],[-0.01,-0.03,1],[-0.01,-0.01,0.9615384615384615],[0.01,-0.02,1],[0,-0.04,1],[0.02,-0.01,1],[0.04,0.01,1],[0.03,0.02,1],[0.02,0.03,1],[-0.02,0.03,1],[-0.03,0.01,1] ]
LOG: 6
LOG: var data_21 = [ [0,0,1],[0,0,1],[0.02,0,1],[0.02,0.01,1],[0,0.02,1],[-0.02,0.01,1],[-0.02,0.02,1],[-0.02,0.01,1],[-0.02,0.03,1],[-0.01,0.02,1],[-0.02,0,1],[-0.02,-0.01,1],[-0.02,-0.02,1],[-0.01,-0.02,1],[-0.01,-0.03,1],[0,-0.02,1],[0.03,0,1],[0.01,-0.03,1],[0.03,0,1],[0.03,0.03,1],[0.03,0.01,1],[0,0.01,1],[-0.03,0.01,0.9615384615384615],[-0.05,0,1] ]
LOG: 0
LOG: var data_22 = [ [0,0,1],[0,0,1],[0.01,0,1],[0.03,0.01,1],[-0.01,0.01,1],[-0.01,0.02,1],[0,0.03,1],[-0.02,0.02,1],[-0.03,0.01,1],[-0.02,-0.01,1],[-0.02,-0.01,1],[-0.02,-0.02,1],[-0.03,-0.02,1],[-0.01,-0.02,1],[0.01,-0.02,1],[0.02,-0.02,1],[0.02,-0.02,0.9615384615384615],[0.03,-0.01,1],[0.03,0.01,1],[0,0.03,1],[0,0.01,0.9615384615384615],[-0.02,0.02,1],[-0.06,0,1] ]
LOG: 0
LOG: var data_23 = [ [0,0,1],[0,0,1],[0.01,-0.01,1],[0.02,0,1],[0.02,0.01,1],[0,0.02,1],[0,0.02,1],[-0.02,0,1],[-0.01,0.02,1],[-0.03,0,1],[-0.04,0,1],[-0.02,0,1],[-0.02,-0.01,1],[-0.01,-0.04,1],[-0.01,-0.02,0.9615384615384615],[0.01,-0.01,0.9615384615384615],[0.01,-0.03,0.9615384615384615],[0.01,-0.01,1],[0.01,-0.01,1],[0.03,0.02,1],[0.03,0.04,1],[0.01,0.02,1],[-0.01,0.01,0.9615384615384615],[-0.02,0,1],[-0.05,0,1] ]
LOG: 6
LOG: var data_24 = [ [0,0,1],[0,-0.01,1],[0.02,-0.01,1],[0.02,0,1],[0.01,0.01,1],[-0.01,0.01,1],[-0.01,0.04,1],[-0.01,0.02,1],[-0.01,0,1],[-0.02,0.01,1],[-0.02,0.01,1],[-0.03,-0.01,1],[-0.03,0,0.9615384615384615],[-0.02,-0.01,1],[-0.01,-0.01,1],[0.02,-0.02,1],[0.01,-0.02,1],[0,-0.02,1],[0,-0.03,1],[0.01,0,1],[0.05,0.02,1],[0.02,0.02,1],[0,0.04,1],[-0.01,0.02,1],[-0.03,0.01,0.9615384615384615] ]
LOG: 0
LOG: var data_25 = [ [0,0,1],[0,0,1],[0.02,0,1],[0.02,0.01,1],[0.02,0.02,1],[-0.01,0.02,1],[-0.01,0.03,1],[-0.01,0.02,1],[-0.01,0.03,1],[-0.02,0.01,1],[-0.03,0,1],[-0.01,-0.02,1],[-0.02,-0.01,1],[-0.02,-0.01,1],[-0.01,-0.02,1],[0.01,-0.01,1],[0.03,-0.02,1],[0,-0.04,1],[0.02,-0.01,1],[0.02,0.03,1],[0.01,0.03,1],[0.01,0.03,1],[-0.01,0.01,1],[-0.01,0.01,1],[-0.02,0,1] ]
LOG: 0
LOG: var data_26 = [ [0.01,-0.01,1],[0.02,0,1],[0.01,0.01,1],[0,0.01,1],[0,0.02,1],[-0.01,0.04,0.9615384615384615],[-0.03,0.01,1],[-0.03,0.01,0.9615384615384615],[-0.03,0,1],[-0.02,-0.01,1],[-0.01,-0.02,1],[-0.03,-0.02,1],[0,-0.02,1],[-0.01,-0.03,1],[0.03,-0.02,1],[0.02,-0.02,1],[0.02,0,1],[0.02,-0.01,1],[0.02,0.01,1],[0,0.02,1],[0,0.03,1],[-0.02,0.02,1],[-0.02,0,1] ]
LOG: 6
LOG: var data_27 = [ [-0.01,0,1],[0,0,1],[0.01,0,1],[0.02,0,1],[0,0.01,1],[0,0.03,1],[-0.01,0.03,1],[-0.02,0.03,1],[-0.03,0,1],[-0.03,-0.01,1],[-0.01,-0.01,1],[-0.02,-0.01,1],[-0.02,0,1],[-0.02,-0.01,1],[-0.01,-0.02,1],[0,-0.01,1],[0.02,0,1],[0.01,-0.02,1],[0.02,-0.01,1],[0.03,0.02,1],[0.03,0.02,1],[0.01,0.03,1],[0,0.02,1],[-0.02,0.01,1],[-0.05,0,1] ]
LOG: 6
LOG: var data_28 = [ [0,0,1],[-0.01,0,1],[0.01,0,1],[0.02,-0.01,1],[0.01,0.01,1],[0,0.01,1],[0,0.02,1],[-0.01,0.03,1],[-0.03,0.01,1],[-0.03,0.01,1],[-0.02,0.01,1],[-0.02,-0.01,1],[-0.03,0,0.9615384615384615],[-0.02,-0.02,1],[-0.01,-0.03,1],[-0.01,-0.03,1],[0.02,-0.04,1],[0.03,-0.01,1],[0.02,0,1],[0.03,0.04,0.9615384615384615],[0.03,0.02,1.0384615384615385],[0.01,0.02,1],[0.01,0.04,1],[-0.02,0.01,1],[-0.04,0,1] ]
LOG: 6
LOG: var data_29 = [ [0,0,1],[0.01,-0.01,1],[0.03,0,1],[0.02,0.01,0.9615384615384615],[-0.01,0.01,1],[-0.01,0.03,1],[-0.02,0.02,1],[-0.02,0.01,1],[-0.03,-0.02,1],[-0.03,-0.01,1],[-0.02,0,1],[-0.02,0,1],[-0.02,-0.01,1],[-0.01,-0.01,1],[-0.01,-0.03,1],[0,-0.03,1],[0.03,-0.01,1],[0.02,0,1],[0.03,0.02,1],[0.03,0.02,1],[0.02,0.03,1],[0.01,0.02,1],[0,0.02,1],[-0.06,0.01,1] ]
LOG: 0
LOG: var data_30 = [ [0,0,1],[0,0,1],[0.02,0,1],[0.03,0.02,1],[-0.01,0.01,1],[-0.01,0.03,1],[-0.02,0.03,1],[-0.02,0.01,1],[-0.03,0,1],[-0.03,0,1],[-0.03,-0.02,1],[-0.02,-0.03,1],[-0.02,-0.02,0.9615384615384615],[0.03,-0.01,1],[0.03,-0.01,1],[0.02,-0.03,1],[0.01,0,1],[0.03,0.02,1],[0.02,0.02,1],[0,0.03,1],[-0.01,0.01,1],[-0.05,0,1] ]
LOG: 0
LOG: var data_31 = [ [0,0,1],[0,0,1],[0.02,0,1],[0.02,0,1],[0,0.02,1],[0,0.03,1],[-0.02,0.01,1],[-0.02,0.01,1],[-0.02,0.01,1],[-0.02,0,1],[-0.03,0.01,0.9615384615384615],[-0.02,-0.02,1],[-0.02,-0.02,1],[-0.01,-0.02,1],[0,-0.01,1],[0.03,-0.02,1],[0.02,-0.03,1],[0.01,-0.01,1],[0,0,1],[0.02,0.02,1],[0.02,0.03,1],[-0.01,0.03,1],[-0.04,0,1],[-0.04,0,1] ]
LOG: 6
LOG: var data_32 = [ [0,0,1],[0,0,1],[0.02,0,1],[0.02,0.01,1],[0,0.02,1],[-0.01,0.03,1],[-0.02,0.02,1],[-0.03,0,1],[-0.04,-0.01,1],[-0.04,0,1],[-0.03,0,1],[-0.03,-0.01,1],[-0.02,-0.01,1],[-0.01,-0.03,0.9615384615384615],[0.01,-0.03,1],[0.03,-0.02,1],[0.02,-0.01,0.9615384615384615],[0.03,0.01,1],[0.03,0,1],[0,0.02,1],[-0.01,0.01,0.9615384615384615],[-0.05,0,1] ]
LOG: 6
LOG: var data_33 = [ [0,0,1],[0,0,1],[0,0,1],[0,0,1],[0,0,1],[0.01,-0.01,1.0384615384615385],[0.02,0,1],[0.03,0.04,1],[0.01,0.06,0.9615384615384615],[-0.04,0.03,1],[-0.06,0,1],[-0.04,-0.02,1],[-0.03,-0.02,1],[-0.01,-0.03,1],[-0.01,-0.02,1],[-0.03,-0.04,0.9615384615384615],[0.03,-0.01,1],[0.04,-0.01,1],[0.05,0.02,1],[0.03,0.04,1],[-0.01,0.03,1],[-0.03,0.01,1],[-0.05,0,1] ]
LOG: 0
LOG: var data_34 = [ [0,0,1],[0.01,0.02,0.9615384615384615],[0.04,0,1],[0.02,0.03,1],[0,0.04,1],[-0.01,0.02,1],[-0.04,0,1],[-0.03,-0.01,1],[-0.03,-0.01,1],[-0.02,-0.01,1],[-0.01,-0.01,1],[0,-0.02,1],[0,-0.03,1],[0.01,-0.02,1],[0.02,-0.01,1],[0.03,0,1],[0.03,0,1],[0.03,0.02,1],[0.01,0.04,1],[-0.05,-0.01,1],[-0.04,0,1] ]
LOG: 0
LOG: var data_35 = [ [0,0,1],[0,0,1],[0.02,-0.01,1],[0.02,0,1],[0.01,0.02,1],[-0.02,0.01,1],[-0.02,0.02,1],[-0.01,0.02,1],[-0.04,0,0.9615384615384615],[-0.03,0,0.9615384615384615],[-0.02,-0.01,1],[-0.01,-0.01,1],[-0.01,-0.01,1],[0.01,-0.01,1],[0,-0.01,1],[0,-0.03,1],[0,-0.03,0.9615384615384615],[0.03,0,0.9615384615384615],[0.02,0,1],[0.02,0.02,1.0384615384615385],[0.01,0.04,1],[-0.02,0.02,1],[-0.06,-0.01,1] ]
LOG: 0
LOG: var data_36 = [ [0,0,1],[0.03,0,1],[0.02,0.02,1],[0,0.02,1],[-0.02,0.02,1],[-0.02,0.02,1],[-0.03,0.02,1],[-0.03,0,1],[-0.04,0,1],[-0.02,-0.02,1],[-0.02,-0.02,0.9615384615384615],[-0.01,-0.03,1],[0.02,-0.01,1],[0.03,0,1],[0.01,-0.02,1],[0.03,0.01,1],[0.02,0.02,1],[0.01,0.02,1],[-0.01,0.02,1],[-0.02,0.02,1],[-0.03,0,1] ]
LOG: 6
LOG: var data_37 = [ [-0.01,0,1],[0.02,0,1],[0.03,0.02,1],[0.01,0.04,1],[-0.02,0.04,1],[-0.04,0.01,1],[-0.04,0,1],[-0.04,0.01,1],[-0.03,-0.01,0.9615384615384615],[-0.02,-0.03,1],[-0.02,-0.03,1],[0,-0.02,1],[0.01,-0.03,0.9615384615384615],[0.03,-0.01,1],[0.02,0,1],[0.03,0.03,1],[0.02,0.03,1],[0,0.04,1],[-0.03,0.01,1],[-0.03,0,1] ]
LOG: 6
LOG: var data_38 = [ [0,0,1],[0.01,-0.01,1],[0.02,0.01,1],[0.01,0.03,1],[0,0.03,1],[-0.02,0.02,1],[-0.03,0.02,1],[-0.03,0.03,1],[-0.04,0.01,0.9615384615384615],[-0.04,-0.01,1],[-0.02,-0.02,1],[-0.01,-0.03,1],[-0.01,-0.04,1],[-0.01,-0.04,1],[0.05,-0.01,1],[0.04,0.01,1],[0.02,0.02,1],[0,0.04,1],[0.01,0.05,1],[-0.04,0,1] ]
LOG: 6
LOG: var data_39 = [ [0,0,1],[0,0,1],[0.03,0.01,1],[0.02,0.02,1],[0,0.03,1],[-0.02,0.03,1],[-0.04,0.01,1],[-0.04,0.02,1],[-0.02,0.02,1],[-0.02,-0.01,1],[-0.02,-0.02,1],[0,-0.02,1],[-0.01,-0.04,1],[0.01,-0.02,0.9615384615384615],[0.01,-0.03,1],[0.04,-0.01,1],[0.04,0.01,1],[0.03,0.03,1],[0,0.03,1],[-0.03,0.02,1],[-0.06,0,1] ]
LOG: 0
LOG: var data_40 = [ [0,0,1],[0,0,1],[0.01,-0.01,1],[0.03,0.01,1],[0.03,0.04,1],[0,0.03,1],[-0.04,0.01,1],[-0.03,0.02,1],[-0.05,-0.02,1],[-0.03,-0.01,1],[-0.02,-0.02,1],[-0.01,-0.03,1],[-0.01,-0.02,1],[0.02,-0.02,1],[0.02,-0.01,1],[0,-0.02,1],[0.03,0,1],[0.05,0.03,1],[0.02,0.02,1],[-0.02,0.02,1],[-0.07,0,1] ]
LOG: 6
LOG: var data_41 = [ [0,0,1],[0,0,1],[0,0,1],[0.01,0,1],[0.01,0.01,1],[0,0.01,1],[0,0,1],[0,0,1],[-0.03,0,1],[-0.01,0.03,1],[-0.02,0.02,1],[-0.02,0.02,1],[-0.02,0,1],[-0.02,-0.01,1],[-0.01,-0.01,1],[-0.01,-0.03,1],[0,-0.03,1],[0,-0.03,1],[0.02,-0.01,1],[0.06,0.03,1],[0.04,0,1],[0.04,0.03,1],[0.02,0.03,1],[0.02,0.01,1],[0,0.04,1],[0,0.01,1],[-0.04,-0.01,1] ]
LOG: 0
LOG: var data_42 = [ [0,0,1],[0.02,-0.01,1],[0.03,0.01,1],[0.02,0.02,1],[0,0.02,1],[-0.02,0.02,0.9615384615384615],[-0.02,0.03,1],[-0.02,0.02,0.9615384615384615],[-0.02,0.01,1],[-0.03,0.02,1],[-0.02,-0.01,0.9615384615384615],[-0.02,-0.02,1],[-0.01,-0.02,0.9615384615384615],[-0.01,-0.01,0.9615384615384615],[-0.01,-0.03,1],[0,-0.02,1],[0.01,-0.02,1],[0.01,-0.01,1],[0.03,0,1],[0.01,0,1],[0.01,0.03,1],[0.02,0.04,1],[-0.01,0.02,1],[-0.05,0,1] ]
LOG: 6
LOG: var data_43 = [ [0,0,1],[0,0,1],[0.01,0,1],[0.03,0.02,1],[0.01,0.03,1],[0,0.03,0.9615384615384615],[0,0.03,1],[-0.03,0.01,1],[-0.03,0.01,1],[-0.03,0.01,1],[-0.02,0,1],[-0.03,-0.02,1],[-0.02,-0.02,1],[-0.01,-0.01,1],[-0.02,-0.03,0.9615384615384615],[0.01,-0.03,1],[-0.01,-0.03,1],[0.02,-0.01,1],[0.05,0.03,0.9615384615384615],[0.03,0.04,1],[0.01,0.03,1],[-0.03,0.02,1],[-0.08,-0.01,1] ]
LOG: 0
LOG: var data_44 = [ [0,0,1],[0,0,1],[0.01,0,1],[0.02,0.02,1],[0.01,0.03,1],[-0.01,0.02,1],[-0.03,0,1],[-0.02,0.01,1],[-0.03,0.01,1],[-0.02,0,1],[-0.02,0,1],[-0.02,-0.01,0.9615384615384615],[-0.03,-0.02,1],[0.01,-0.03,1],[0.03,-0.02,1],[0.02,-0.01,1],[0.02,-0.01,1],[0.01,-0.02,1],[0.03,0,1],[0.03,0.02,1],[-0.01,0.04,1],[-0.02,0.03,1],[-0.03,0,1] ]
LOG: 6
LOG: var data_45 = [ [0,0,1],[0.01,0,1],[0.01,0,1],[0.01,0.01,1],[-0.02,0.01,1],[0,0.04,1],[-0.02,0,1],[-0.03,0,1],[-0.03,0,1],[-0.03,0.01,1],[-0.02,-0.01,1],[-0.01,-0.02,1],[-0.01,-0.02,1],[0,-0.02,0.9615384615384615],[0.03,-0.02,1],[0,-0.03,1],[-0.01,-0.02,1],[0.03,0.01,1],[0.03,0.05,1],[0.02,0.02,1],[0,0.03,1],[-0.01,0.02,1],[-0.05,0,1] ]
LOG: 6
LOG: var data_46 = [ [0,0,1],[0,0,1],[0.02,-0.01,1],[0.03,0.01,1],[0,0.01,1],[0,0.03,1],[-0.01,0.03,1],[-0.01,0.01,1],[-0.02,0.01,1],[-0.04,0,1],[-0.03,-0.01,1],[-0.02,-0.01,1],[-0.01,-0.01,1],[-0.02,-0.02,1],[-0.01,-0.03,1],[0.04,-0.01,1],[0.02,-0.02,1],[0.01,-0.02,1],[0.03,0.02,1],[0.03,0.03,1],[0.01,0.03,1],[-0.04,0.01,1],[-0.04,0,1] ]
LOG: 0
LOG: var data_47 = [ [0,0,1],[0.02,0,1],[0.02,0.01,1],[0.02,0.02,1],[-0.02,0.01,1],[-0.02,0.03,1],[-0.02,0.01,1],[-0.02,0,1],[-0.02,0,1],[-0.02,0.01,1],[-0.03,-0.02,1],[-0.01,-0.02,1],[-0.01,-0.02,1],[0,-0.02,0.9615384615384615],[0.03,-0.02,1],[0.03,-0.02,1],[0.01,-0.01,1],[0.01,-0.01,1],[0.02,0.02,1],[0.02,0.02,0.9615384615384615],[0.01,0.02,1],[-0.04,0.01,1] ]
LOG: 6
LOG: var data_48 = [ [0,0,1],[0,0,1],[0.02,0,1],[0.01,0.01,1],[0,0.03,1],[-0.01,0.03,1],[-0.02,0.02,1],[-0.02,0.01,1],[-0.03,-0.01,1],[-0.04,-0.01,1],[-0.02,-0.01,1],[-0.03,-0.01,1],[-0.02,-0.03,1],[-0.02,-0.02,1],[0.02,-0.01,1],[0.03,-0.01,1],[0.01,-0.03,1],[0.04,0.01,1],[0.04,0.05,1],[-0.01,0.04,1],[-0.07,0,1] ]
LOG: 6
LOG: var data_49 = [ [0,0,1],[-0.01,0,1],[0.03,0,1],[0,0,1],[-0.01,0.03,1],[-0.03,0,1],[-0.01,0.02,1],[-0.02,0,1],[-0.03,0.01,1],[-0.03,-0.01,1],[-0.02,-0.01,0.9615384615384615],[-0.01,-0.01,1],[-0.01,-0.02,1],[-0.02,-0.01,0.9615384615384615],[0.01,-0.03,1],[0.02,-0.03,1],[0.01,-0.03,1],[0.02,0,1],[0.04,0.04,1],[0.01,0.03,1],[0,0.02,0.9615384615384615],[-0.06,-0.01,1] ]