
LOG: Start recording...
LOG: Done recording...
LOG: Duration : 1.2909998893737793 13recorded
LOG: 0.9826563003626436,0.6824920680310931,0.8071236654086155,0.753185051206769,0.5568727495147704,0.741944420737707,0.9073663273536583,0.799214467033083,0.8720726285275024,0.8360745212593625,1.4509604824902904,1.4315958424486348
LOG: 4
LOG: [0,0,1],[0,0,1],[0,0,1],[0,0,1],[0,0,1],[0,0,1],[-0.01,0.02,1],[-0.01,0.02,1],[0,0.02,1],[-0.01,0,1],[0,0,1],[-0.01,-0.04,1],[0,-0.06,1]
LOG: Start recording...
LOG: Done recording...
LOG: Duration : 1.3799998760223389 14recorded
LOG: 0.8576018719166846,0.46788831969522265,0.6877133511939412,0.7099950788233226,0.6340746591861582,0.7198139121758059,0.9069824869573306,0.7967888930236915,0.7173480775651289,0.8308274639521016,1.2367175161333872,1.4195865657732134
LOG: 1
LOG: [0,0,1],[0,0,1],[0,0,1],[0,0,1],[0,0.01,1],[0,0.02,1],[0,0.02,1],[0,0,1],[-0.01,0,1],[-0.01,-0.01,1],[0,0,1],[-0.01,-0.01,1],[0,-0.01,1],[0,0,1]
LOG: Start recording...
LOG: Done recording...
LOG: Duration : 1.5 15recorded
LOG: 0.5981133896543875,0.4014670663630927,0.4964661451034513,0.5445393112004645,0.4871575094434422,0.5006344269912864,0.5961438636575022,0.7167089477314736,0.6293086260438611,0.6476133228472261,1.1601060099915101,1.2055094875244512
LOG: 1
LOG: [0,0,1],[-0.01,0,1],[0,0,1],[0,0,1],[0,0,1],[-0.01,0,1],[0,0.01,1],[-0.01,0.01,1],[0,-0.01,1],[0,0,1],[-0.01,0,1],[0,0,1],[0,-0.01,1],[-0.01,-0.05,1],[0,0,1]
LOG: Start recording...
LOG: Done recording...
LOG: Duration : 1.4090001583099365 14recorded
LOG: 0.9676391180180056,0.6530932459438592,0.864751532234798,0.8193845820479626,0.6510760376442898,0.7904383770052335,0.9641673915616947,0.8491580719207713,0.7797188878664949,0.9043095731195887,1.4753518494949154,1.455378395073659
LOG: 4
LOG: [0,0,1],[0,0,1],[0,0,1],[0,0,1],[0,0.02,1],[0,0.01,1],[-0.01,0.02,1],[0,0,1],[0,0.02,1],[-0.01,0.01,1],[0,-0.01,1],[0,0,1],[0,-0.07,1],[0,-0.01,0.9615384615384615]
LOG: Start recording...
LOG: Done recording...
LOG: Duration : 1.3799998760223389 14recorded
LOG: 0.9481305083423336,0.5901945558481022,0.8732524799161083,0.8215432827907688,0.7498075355260966,0.8231914799794836,1.011024200135111,0.8781804095645781,0.797424038734384,0.9159958012138435,1.362120505377377,1.479785075027617
LOG: 1
LOG: [0,0,1],[0,0,1],[0,0,1],[0,0,1],[0,0.02,1],[0,0.03,1],[0,0.02,1],[0,-0.01,1],[0,0,1],[-0.01,0,1],[0,-0.01,1],[0,-0.01,1],[-0.01,-0.03,1],[0,0,1]
LOG: Start recording...
LOG: Done recording...
LOG: Duration : 1.5 15recorded
LOG: 0.6174418137633905,0.4358628891000252,0.6541630754999513,0.6786546175159539,0.6469125411283342,0.6691391023048624,0.7037398074233295,0.5813666722362426,0.8250888958934438,0.6982592635622781,1.1278304291207901,1.1691492989725445
LOG: 1
LOG: [0,0,1],[0,0,1],[0,0,1],[0,0,1],[-0.01,-0.01,1],[0,0.01,1],[0,0.01,1],[0,0,0.9615384615384615],[0,0,1],[0,0,1],[0,0,1],[0,0,1],[0,-0.01,1],[-0.01,-0.04,1],[0,0,1]
LOG: Start recording...
LOG: Done recording...
LOG: Duration : 1.4100000858306885 14recorded
LOG: 0.8509746840384766,0.5896927242277035,0.6674513313935194,0.7588320478834946,0.7966598576903734,0.7700516512347515,0.8948139963254106,0.9596812767967553,0.6682468270390324,0.9443669016632849,1.255782267206836,1.3520336749587722
LOG: 1
LOG: [0,0,1],[0,0,1],[0,0,1],[0,0.04,1],[0,0.01,1],[-0.01,0,1],[0,0.01,1],[-0.01,0,1],[-0.01,-0.01,1],[0,0,1],[-0.01,0,1],[0,0,1],[0,-0.03,0.9615384615384615],[0,0,1]
LOG: Start recording...
LOG: Done recording...
LOG: Duration : 1.6200001239776611 16recorded
LOG: 0.7147643453220914,0.6178197056481525,0.6961271348759128,0.6268234400895445,0.6184703599516176,0.5705876607167072,0.7212659301270605,0.9190814716759979,0.5588867103575974,0.7671743385345422,1.4125307830651677,1.1142231970111094
LOG: 8
LOG: [0,0,1],[0,0,1],[0,0,1],[0,0,1],[-0.01,0.03,1],[-0.01,0.02,1],[-0.01,0,1],[-0.01,0,1],[-0.01,-0.01,1],[0,0.01,1],[0,0,1],[0,0.01,1],[-0.01,-0.02,1],[-0.01,-0.04,0.9615384615384615],[0,0,1],[0,0,1]
LOG: Start recording...
LOG: Done recording...
LOG: Duration : 1.4089999198913574 14recorded
LOG: 0.804958188980177,0.6994913453592834,0.7508742660092171,0.9216880067571067,0.8858799942682999,0.8465451752220813,0.9153826883319588,0.7039674531545073,0.9183435480506645,0.8872873133665601,1.366738060303139,1.103226488980486
LOG: 1
LOG: [0,0,1],[0,0,1],[-0.01,0.01,1],[-0.01,0.01,0.9615384615384615],[0,0.01,1],[-0.01,0.01,1],[0,0,1],[-0.01,0,1],[0,0.01,0.9615384615384615],[0,0.01,1],[0,-0.01,1],[-0.01,-0.01,1],[0,-0.02,1],[0,0,1]
LOG: Start recording...
LOG: Done recording...
LOG: Duration : 1.7109999656677246 17recorded
LOG: 0.6883110096447743,0.443457805172208,0.6781838257645859,0.6657025023315416,0.5290532902968517,0.6191820029513788,0.7364916902960282,0.49808575214039114,0.7998437016842959,0.5960040573803845,1.1664144783292922,1.1597105394072584
LOG: 1
LOG: [0,0,1],[0,0,1],[0,0,1],[0,0,1],[0,0,1],[-0.01,0,1],[0,0.01,1],[0,0.01,0.9615384615384615],[0,0,1],[0,0.01,1],[0,0.01,1],[0,0,1],[0,-0.01,1],[0,0.01,1],[-0.01,-0.03,1],[0,0,1],[0,0,1]
LOG: Start recording...
LOG: Done recording...
LOG: Duration : 1.2890000343322754 13recorded
LOG: 0.7034988284925321,0.321093077303774,0.6299503810797866,0.5498295814861327,0.5919085440343167,0.5769887223686908,0.7686122268399582,0.7816206759580042,0.6827377358042198,0.7159056704751493,1.1799529158622792,1.3426342005078842
LOG: 1
LOG: [0,0,1],[0,0,1],[0,0,1],[0,0,1],[0,0.02,1],[0,0,1],[-0.01,0.01,1],[0,0,1],[0,-0.01,1],[0,-0.02,1],[-0.01,-0.02,1],[0,-0.03,1],[0,0,1]
LOG: Start recording...
LOG: Done recording...
LOG: Duration : 1.2009999752044678 12recorded
LOG: 0.7030246450213604,0.6844628302316028,0.7861758746602178,0.9597730321531299,1.055293056261068,0.9327234441112455,0.8821749907868489,0.8332604930842982,1.0449529048259607,1.04508999973808,1.2527866970707315,1.3690582665973519
LOG: 1
LOG: [0,0,1],[0,0,0.9615384615384615],[0,0,1],[-0.01,0,1],[0,0.01,1],[0,0.01,1],[-0.01,-0.02,0.9615384615384615],[0,-0.01,1],[0,0,0.9615384615384615],[0,-0.02,1],[0,0,1],[-0.01,-0.04,1]
LOG: Start recording...
LOG: Done recording...
LOG: Duration : 1.319000005722046 13recorded
LOG: 0.8343267904238209,0.6134397154657693,0.8210184464315532,0.9028901355567865,0.8729238773586658,0.8774505521779955,0.8843787535860697,0.9116210435144106,0.8118575456609335,1.0239852733672934,1.3489927166364144,1.3862153963098442
LOG: 1
LOG: [0,0,1],[0,0,1],[0,0,1],[0,0,1],[0,0.02,1],[0,0.02,1],[-0.01,0,1],[-0.01,-0.01,0.9615384615384615],[0,0,1],[0,0.02,0.9615384615384615],[0,0.01,1],[-0.01,-0.03,1],[0,0,1]
LOG: Start recording...
LOG: Done recording...
LOG: Duration : 1.1989998817443848 12recorded
LOG: 0.921414663066064,0.6637375172534015,0.7308169727200455,0.77702794850245,0.7110381719666753,0.7733616299805106,0.922007173958827,0.9134006293832176,0.725501622568008,0.8777799138482884,1.4355881858570347,1.3517122821247434
LOG: 1
LOG: [0,0,1],[-0.01,-0.02,1],[0,0,1],[0,0,1],[0,0.03,1],[-0.01,0.02,1],[-0.01,0.01,1],[-0.01,-0.01,1],[-0.01,0.01,1],[-0.01,-0.01,1],[0,-0.03,1],[0,-0.01,1]
LOG: Start recording...
LOG: Done recording...
LOG: Duration : 1.2869999408721924 13recorded
LOG: 0.78429257165365,0.4299428539783714,0.6478918991148005,0.6163954765380536,0.47291052234458547,0.653821002959343,0.7834386031402196,0.6345547385152254,0.7245850491554434,0.7120226045423079,1.196443460498636,1.3497181876033906
LOG: 1
LOG: [0,0,1],[0,0,1],[0,0,1],[0,0,1],[0,0,1],[0,0,1],[0,0.02,1],[0,0.01,1],[-0.01,-0.01,1],[0,0.01,1],[0,0.01,1],[-0.02,-0.04,1],[0,-0.02,1]
LOG: Start recording...
LOG: Done recording...
LOG: Duration : 1.1110000610351562 11recorded
LOG: 1.0219958622111112,0.698528769042261,0.8604987279785298,0.8386056325372495,0.6834619348109608,0.8188991791452652,1.0007956970752487,0.8919603929824126,0.8378240121403423,0.9315789242595762,1.5019932346204088,1.4890325816620222
LOG: 4
LOG: [0,0,1],[0,0,1],[0,0,1],[0,0,1],[0,0.02,1],[-0.01,0.02,1],[-0.01,0.02,1],[-0.01,-0.01,1],[0,-0.01,1],[0,-0.03,1],[0,-0.02,1]
LOG: Start recording...
LOG: Done recording...
LOG: Duration : 1.5 15recorded
LOG: 0.9442798785693984,0.5766657101802564,0.7318348115772958,0.6834079432360995,0.49503668846094223,0.6998610397601426,0.9015190623207059,0.7053763454154406,0.8151649720100513,0.7602441700446398,1.3361696603591646,1.3905563731601103
LOG: 4
LOG: [0,0,1],[0,0,1],[0,0,1],[0,0,1],[0,0,1],[0,0,1],[0,0,1],[0,0.03,1],[-0.01,0.02,1],[-0.01,0,1],[0,0,1],[0,-0.01,1],[0,-0.03,1],[0,-0.02,1],[0,0,1]
LOG: Start recording...
LOG: Done recording...
LOG: Duration : 1.3799998760223389 14recorded
LOG: 0.8357088164855452,0.5244894072515005,0.749837337974523,0.6471966413357988,0.5058115039538131,0.644922557988847,0.7889802977958404,0.7354977032961119,0.7359441449825268,0.7572533285277041,1.3455304676062843,1.3562037692956495
LOG: 4
LOG: [0,0,1],[0,0,1],[0,0,1],[0,0,1],[0,0,1],[0,0.01,1],[0,0.02,1],[-0.01,0.01,1],[0,0,1],[0,0.01,1],[0,0.01,1],[0,0,1],[-0.01,-0.02,1],[0,-0.03,1]
LOG: Start recording...
LOG: Done recording...
LOG: Duration : 1.5 15recorded
LOG: 0.6353525594395624,0.4860996020509957,0.6253231319866075,0.69427879079299,0.7683284141724966,0.6714733162478066,0.7354192189102172,0.8635879968870231,0.6417313818483055,0.9128617168189737,1.2697986759604234,1.278308434103503
LOG: 1
LOG: [0,0,1],[0,0,1],[0,0,1],[-0.01,0.01,1],[0,0.01,1],[0,0.01,1],[-0.01,0.01,1],[0,-0.01,1],[-0.01,-0.01,1],[0,0,0.9615384615384615],[0,-0.01,1],[0,0,1],[0,-0.01,1],[0,-0.02,1],[0,0,1]
LOG: Start recording...
LOG: Done recording...
LOG: Duration : 1.5 15recorded
LOG: 0.8255651458079759,0.5141537655606654,0.7474923015204082,0.6507607746522124,0.48284742948117204,0.5989918894177353,0.8179985616666979,0.769531913909799,0.7120538793245383,0.7163950014061091,1.377561906070925,1.3181830724204349
LOG: 4
LOG: [0,0,1],[0,0,1],[0,0,1],[0,0,1],[0,0,1],[0,0.02,1],[-0.01,0.01,1],[0,0.02,1],[-0.01,0,1],[0,0.01,1],[0,0,1],[0,-0.01,1],[0,-0.01,1],[0,0,1],[0,-0.02,1]
LOG: Start recording...
LOG: Done recording...
LOG: Duration : 1.4950001239776611 15recorded
LOG: 0.8566263666124743,0.5398102053540457,0.6957661407476567,0.7483301493810355,0.7787571855290994,0.7462844218880161,0.9052600618401307,0.9355840763178693,0.633134562257012,0.8948966260514493,1.2802753701141127,1.3677967238761521
LOG: 1
LOG: [0,0,1],[0,0,1],[0,0,1],[0,0,1],[0,0.03,1],[-0.01,0.02,1],[0,0.01,1],[0,0,1],[-0.01,0,1],[-0.01,-0.01,1],[0,0,1],[0,-0.01,1],[-0.01,-0.01,1],[-0.01,-0.01,1],[0,0,1]
LOG: Start recording...
LOG: Done recording...
LOG: Duration : 1.4100000858306885 14recorded
LOG: 0.8444965284620034,0.5339526510852226,0.7379087341336672,0.7001783824847954,0.4787560294305366,0.6501839964071034,0.8289959323311168,0.746122176581597,0.737515899027203,0.7899664475549546,1.3742821393130629,1.3778507718582766
LOG: 4
LOG: [0,0,1],[0,0,1],[0,0,1],[0,0,1],[0,0,1],[0,0.02,1],[-0.01,0.01,1],[0,0,1],[0,0.02,1],[-0.01,0.01,1],[0,0,1],[0,0,1],[0,-0.02,1],[0,0,1]
LOG: Start recording...
LOG: Done recording...
LOG: Duration : 1.2870001792907715 13recorded
LOG: 0.7257046479882986,0.45097664003848204,0.612882786533973,0.6275330386094636,0.5700069349085333,0.5999363308420509,0.7268851842594428,0.8143936753097348,0.6435181048851647,0.7858967748677903,1.193113892980523,1.320548525237702
LOG: 1
LOG: [0,0,1],[0,0,1],[0,0,1],[0,0,1],[0,0,1],[0,0.03,1],[-0.01,0.01,1],[-0.01,-0.02,1],[0,0.01,1],[-0.01,0,1],[-0.01,-0.02,1],[-0.01,-0.03,1],[0,0,1]
LOG: Start recording...
LOG: Done recording...
LOG: Duration : 1.5899999141693115 16recorded
LOG: 0.664148232117719,0.41227045253132893,0.6149477924087422,0.6593702447512495,0.5797642416081314,0.6179567224729128,0.6880170315239876,0.6948247344239401,0.6795245013708741,0.7643972285593927,1.2842259198350197,1.2293482679072778
LOG: 1
LOG: [0,0,1],[0,0,1],[0,0,1],[0,0,1],[0,0,1],[-0.01,0.01,1],[0,0.01,1],[0,0.01,1],[-0.01,0,1],[0,0,1],[0,0,0.9615384615384615],[0,0,1],[0,0.01,1],[-0.01,-0.02,1],[0,-0.03,1],[0,0,1]
LOG: Start recording...
LOG: Done recording...
LOG: Duration : 1.380000114440918 14recorded
LOG: 1.1032321932089666,0.7596993127531922,0.8684936963582813,0.914120271221962,0.8519685817356062,0.936534019753431,1.1478513734957756,0.9535978094978567,0.8523457780541501,0.9913552771090575,1.482844922234041,1.4835015543327597
LOG: 1
LOG: [0,0,1],[0,0,1],[0,0,1],[0,0,1],[-0.01,0.03,1],[0,0.02,1],[0,0.02,1],[0,0.01,1],[-0.01,0,1],[-0.01,-0.01,1],[-0.01,-0.01,1],[-0.01,-0.03,0.9615384615384615],[0,-0.03,1],[0,0,1]
LOG: Start recording...
LOG: Done recording...
LOG: Duration : 1.2890000343322754 13recorded
LOG: 0.9336121896617487,0.5730990176449717,0.7670516416603868,0.7573324016240918,0.6298455484178048,0.7627276686459228,0.9536723186958728,0.8160200880101516,0.7241607689559011,0.893684605824903,1.351475796225528,1.432885246349937
LOG: 1
LOG: [0,0,1],[0,0,1],[0,0,1],[0,0,1],[0,0.02,1],[0,0.02,1],[0,0.01,1],[-0.01,0,1],[-0.01,0.01,1],[0,-0.01,1],[-0.01,-0.02,0.9615384615384615],[0,-0.03,1],[0,-0.03,1]
LOG: Start recording...
LOG: Done recording...
LOG: Duration : 1.2000000476837158 12recorded
LOG: 0.6113345120037652,0.4910725218866644,0.548158089301269,0.5911350491751234,0.6444592216627076,0.5293826532591565,0.6402260783392721,0.8955173396807374,0.5440422338649765,0.7604838759187612,1.207539579237391,1.2363747453621023
LOG: 1
LOG: [0,0,1],[0,0,1],[0,0,1],[0,0.01,1],[-0.01,0.01,1],[-0.01,0.01,1],[-0.01,-0.01,1],[0,-0.01,1],[-0.01,-0.01,1],[0,-0.01,1],[0,-0.01,1],[0,0.01,1]
LOG: Start recording...
LOG: Done recording...
LOG: Duration : 1.1099998950958252 11recorded
LOG: 1.3280333484780533,1.1123448903238982,1.2836872979025085,1.3477456316946446,1.23837076237223,1.3011377149204717,1.394986580415884,1.0938563527584517,1.2745183580926969,1.2796122617961443,1.567623703454849,1.5125874007522888
LOG: 7
LOG: [0,0,1],[0,0,1],[0,0.02,1],[0,0.03,1],[0,0.03,0.9615384615384615],[-0.01,0,1],[0,0,1],[0,0,1],[0,0,1],[-0.01,-0.02,1],[0,0,1]
LOG: Start recording...
LOG: Done recording...
LOG: Duration : 1.1099998950958252 11recorded
LOG: 0.855364011661601,0.7058528159743838,0.7413313046935045,0.7300330037521984,0.6660522093531309,0.7146031900199379,0.8384578509079159,0.8774717744286417,0.6284911588827427,0.8094425457146713,1.541694895704684,1.1631857442977462
LOG: 8
LOG: [0,0,1],[0,0,1],[0,0.02,1],[-0.01,0.01,1],[-0.01,0.01,1],[-0.01,0.01,1],[0,0,1],[0,0.01,1],[0,-0.01,1],[0,-0.01,1],[0,-0.01,1]
LOG: Start recording...
LOG: Done recording...
LOG: Duration : 1.4110000133514404 14recorded
LOG: 0.657466918695564,0.4885287226590855,0.498651259337528,0.5872168204775722,0.5583194830395114,0.51459089269802,0.6595832858272106,0.8921495349288996,0.5865194536153131,0.7598387653729668,1.1843205194107722,1.2650644049468844
LOG: 1
LOG: [0,0,1],[0,0,1],[0,0,1],[0,0,1],[0,0.01,1],[-0.01,0.01,1],[-0.01,0,1],[-0.01,0,1],[-0.01,0,1],[-0.01,-0.01,1],[0,-0.01,1],[0,-0.01,1],[-0.01,-0.02,1],[0,0,1]
LOG: Start recording...
LOG: Done recording...
LOG: Duration : 1.2009999752044678 12recorded
LOG: 0.8829534879393242,0.5378258117306496,0.7773388023029972,0.6769488819664901,0.5267936673007307,0.6790905161077371,0.8534679261791422,0.6817685934416857,0.7903405156292727,0.7642798279236723,1.3446542555062124,1.4153369456448814
LOG: 4
LOG: [0,0,1],[0,0,1],[0,0,1],[0,0,1],[0,0,1],[0,0.02,1],[0,0.02,1],[0,0,1],[-0.01,0,1],[-0.01,-0.01,1],[-0.01,-0.03,1],[-0.01,-0.03,1]
LOG: Start recording...
LOG: Done recording...
LOG: Duration : 1.1979999542236328 12recorded
LOG: 0.8108121807486757,0.6166051473149512,0.6667488150805037,0.6738500992623522,0.6206451965753481,0.6375006983191311,0.8302835507757347,0.8791161804447375,0.6330737211494647,0.8150765227054755,1.3753589572251563,1.2142594843906578
LOG: 1
LOG: [0,0,1],[0,0,1],[0,0,1],[0,0.03,1],[-0.01,0.01,1],[-0.01,0,1],[-0.01,0,1],[0,0.01,1],[-0.01,-0.01,1],[-0.01,-0.01,1],[-0.01,-0.04,1],[-0.02,0.06,1.076923076923077]
LOG: Start recording...
LOG: Done recording...
LOG: Duration : 1.496999979019165 15recorded
LOG: 0.7294592188064873,0.3472035586665833,0.6064580173416729,0.5303831313303796,0.5050014983092691,0.5642659613544577,0.7434057781351989,0.6876058109793449,0.7047232541135784,0.662208491594219,1.1567632987168364,1.3219041783149534
LOG: 1
LOG: [0,0,1],[0,0,1],[0,0,1],[0,0,1],[0,0,1],[0,0,1],[0,0.01,1],[0,0.01,1],[-0.01,0.01,1],[0,-0.01,1],[0,0,1],[0,-0.01,1],[0,-0.01,1],[-0.01,-0.03,0.9615384615384615],[0,0,1]
LOG: Start recording...
LOG: Done recording...
LOG: Duration : 1.2899999618530273 13recorded
LOG: 1.2132558849560642,0.8707084069378409,1.1462168502832413,1.0703797948520637,0.8866852347939401,1.032608944461754,1.1910551276891168,1.0342410182859607,1.0460883132491474,1.1432156081641827,1.5317295686180261,1.7319260934695573
LOG: 1
LOG: [0,0,1],[0,0,1],[0,0,1],[0,0,1],[0.02,0.02,1],[-0.01,0.02,1],[0,0.02,1],[0,0.02,1],[-0.01,0,1],[0,0,1],[0,0.02,1],[-0.01,-0.03,1],[0,-0.03,1]
LOG: Start recording...
LOG: Done recording...
LOG: Duration : 1.440000057220459 14recorded
LOG: 0.9228531911145901,0.6268201445983301,0.8287649888001837,0.8969286823480506,0.6704146735310186,0.8520470096642436,0.9595335341378015,0.5582576080676527,0.9930263859161527,0.8678857318184728,1.23399511042302,1.3442807505606624
LOG: 7
LOG: [0,0,1],[0,0,1],[0,0,1],[0,0,1],[0,0,1],[0,0.01,1],[0,0.01,0.9615384615384615],[0,0.01,1],[0,0.01,1],[-0.01,0.01,1],[-0.01,0,0.9615384615384615],[0,-0.02,0.9615384615384615],[-0.01,-0.01,1],[0,0,1]
LOG: Start recording...
LOG: Done recording...
LOG: Duration : 1.1990001201629639 12recorded
LOG: 0.8271426749514026,0.545025930199785,0.7981024816302345,0.7094493315821694,0.5546300842475895,0.6619430206010618,0.8171803764757252,0.7885964217341784,0.6752453717131829,0.7893226169559222,1.4079974468335497,1.3483269808819254
LOG: 1
LOG: [0,0,1],[0,0,1],[0,0,1],[0,0,1],[0,0.02,1],[-0.01,0.02,1],[0,0,1],[0,0.01,1],[0,0,1],[0,0,1],[0,0,1],[-0.01,-0.03,1]
LOG: Start recording...
LOG: Done recording...
LOG: Duration : 1.1989998817443848 12recorded
LOG: 1.0408078109818724,0.6883794742104623,0.9329986677907337,0.8527608102133825,0.713332898929652,0.857145504288107,1.048845479800894,0.8715718981101477,0.8647932934741145,0.9453658349987109,1.4994372285136024,1.5232353453942107
LOG: 1
LOG: [0,0,1],[0,0,1],[0,0,1],[0,0,1],[0,0.02,1],[0,0.02,1],[0,0.03,1],[-0.01,-0.01,1],[0,-0.01,1],[-0.01,0,1],[-0.01,-0.01,1],[0,-0.02,1]
LOG: Start recording...
LOG: Done recording...
LOG: Duration : 1.1100001335144043 11recorded
LOG: 1.1007089874249363,0.8063227480412158,1.049455031945261,0.9544439658160936,0.8943007973291964,0.9689835237212127,1.1173129218015783,0.9700215461148503,0.9093482781792119,1.067533948914798,1.5321303019091415,1.5428885417725378
LOG: 1
LOG: [0,0,1],[0,0,1],[0,0,1],[0,0.03,1],[0,0.02,1],[0,0.01,1],[0,0,1],[0,0,1],[0,0,0.9615384615384615],[-0.01,-0.04,1],[0,0,1]
LOG: Start recording...
LOG: Done recording...
LOG: Duration : 1.380000114440918 14recorded
LOG: 0.9448314969690683,0.6290357199086561,0.8766811311245231,0.7949154541553958,0.7354296345441458,0.7492358619882132,0.9855900184794507,0.9291105625394251,0.7789830899042153,0.7977590985400178,1.443060674343626,1.3754837376990787
LOG: 1
LOG: [0,0,1],[0,0,1],[0,0,1],[0,0,1],[0,0.03,1],[-0.01,0.02,1],[-0.01,0.01,1],[0,0.01,1],[0,0,1],[0,-0.01,1],[-0.01,-0.02,1],[0,-0.04,1],[0,-0.02,1],[0,0,1]
LOG: Start recording...
LOG: Done recording...
LOG: Duration : 1.2000000476837158 12recorded
LOG: 0.816019716767237,0.4311671393090761,0.6387172039104184,0.6547113960361695,0.6392486881874716,0.6713154693905578,0.8612896738902939,0.8239964874797748,0.6651622513446676,0.8074183249543746,1.208773613813041,1.3750793037469955
LOG: 1
LOG: [0,0,1],[0,0,1],[0,0,1],[0,0,1],[0,0.02,1],[0,0.02,1],[-0.01,0,1],[-0.01,-0.01,1],[0,-0.01,1],[0,0,1],[0,-0.01,1],[0,-0.04,1]
LOG: Start recording...
LOG: Done recording...
LOG: Duration : 1.2890000343322754 13recorded
LOG: 0.7332694985844458,0.48046633535177097,0.7185314289610852,0.6555111703210447,0.5945443967339115,0.618477006783665,0.756533213776428,0.8491934040546665,0.6163874404776892,0.7402884144120955,1.3275682119882997,1.2655792051262302
LOG: 1
LOG: [0,0,1],[0,0,1],[0,0,1],[0,0,1],[0,0.02,1],[-0.01,0.02,1],[-0.01,0.01,1],[0,-0.01,1],[0,0,1],[0,0,1],[0,0,1],[0,-0.01,1],[0,-0.01,1]
LOG: Start recording...
LOG: Done recording...
LOG: Duration : 1.320000171661377 13recorded
LOG: 0.6878698299232306,0.3583695568633225,0.5621151596802935,0.6018751724725098,0.5677813229199625,0.5906035858045205,0.7261370452018481,0.7867420813680305,0.6883958404944144,0.7412165316617443,1.1124283593417057,1.3520768664054106
LOG: 1
LOG: [0,0,1],[0,0,1],[0,0,1],[0,0,1],[0,0,1],[0,0.02,1],[-0.01,0.01,1],[0,-0.01,1],[-0.01,-0.01,1],[0,0,1],[0,-0.01,1],[-0.01,-0.02,1],[0,-0.03,1]
LOG: Start recording...
LOG: Done recording...
LOG: Duration : 1.321000099182129 13recorded
LOG: 0.8744927204227079,0.5572205772480797,0.8263915924919079,0.8381008035705666,0.7487710242698852,0.8225534518663346,0.9348665470516256,0.6748020575404191,0.8603504440877169,0.8725190544154646,1.2949529593895386,1.299721794681243
LOG: 1
LOG: [0,0,1],[0,0,1],[0,0,1],[0,0,1],[0,0.02,1],[0,0.01,1],[0,0.02,0.9615384615384615],[-0.01,0,1],[0,0,1],[0,-0.01,1],[0,0,1],[-0.01,-0.02,1],[0,0,1]
LOG: Start recording...
LOG: Done recording...
LOG: Duration : 1.2920000553131104 13recorded
LOG: 0.8873573303941225,0.5260402000635007,0.7610524273392764,0.6786496476204275,0.5722844130915629,0.7015089258655122,0.8952081134842904,0.7591771779745252,0.7165117355428328,0.8280864483786967,1.3461772157476153,1.3857670552415393
LOG: 1
LOG: [0,0,1],[0,0,1],[0,0,1],[0,0.02,1],[0,0,1],[0,0.01,1],[0,0.02,1],[-0.01,0,1],[0,0.01,1],[0,-0.01,1],[0,-0.01,1],[0,-0.01,1],[0,-0.02,1]
LOG: Start recording...
LOG: Done recording...
LOG: Duration : 1.2000000476837158 12recorded
LOG: 0.8874832938233558,0.5958655191225898,0.8041874157939517,0.7310012965395543,0.6343974488668426,0.7075007842665177,0.9033285438994267,0.8897348292017826,0.7020418577214441,0.8134086184878142,1.4087871544272672,1.3380903350301594
LOG: 1
LOG: [0,0,1],[0,0,1],[0,0,1],[0,0,1],[0,0.03,1],[-0.01,0.02,1],[-0.01,0,1],[0,0,1],[0,-0.01,1],[0,-0.01,1],[0,-0.03,1],[0,-0.01,1]
LOG: Start recording...
LOG: Done recording...
LOG: Duration : 1.1990001201629639 12recorded
LOG: 1.1820434939108078,0.9512334003772185,1.0926613659929791,1.1724919481054104,1.0727282224631707,1.1095776607939063,1.26673137274941,1.0068766211377334,1.1376758473285533,1.1089285779418285,1.447424734736489,1.3946638395845397
LOG: 1
LOG: [0,0,1],[0,0.01,0.923076923076923],[0,0,1],[0,0.03,1],[0,0.03,1],[-0.01,0,1],[-0.01,0,1],[0,0.01,1],[0,0,0.9615384615384615],[0,-0.01,1],[-0.01,-0.04,0.9615384615384615],[0,0,1]
LOG: Start recording...
LOG: Done recording...
LOG: Duration : 1.3199999332427979 13recorded
LOG: 1.0622768488665046,0.778102640835676,1.0641459395871584,1.0483104444441842,0.9159073483789371,0.9626824258486594,1.1492861015343163,0.8387917233123525,1.0713310340841538,0.9996795743117356,1.40870523789813,1.5082959449220763
LOG: 1
LOG: [0,0,1],[0,0,1],[0,0,0.9615384615384615],[0,0,1],[0.01,0.02,1],[-0.01,0.02,1],[0,0.02,1],[0,0.01,1],[0,0,1],[0,0.01,0.9615384615384615],[0,0,1],[-0.01,-0.03,1],[0,0,1]
LOG: Start recording...
LOG: Done recording...
LOG: Duration : 1.1990001201629639 12recorded
LOG: 0.7555428002569483,0.3706709375379973,0.6819966710490434,0.5810808326782723,0.5369516018167174,0.605212510465846,0.7997645821700956,0.6890441634485086,0.6961661927764293,0.7291109725627011,1.2149220500112365,1.3774137172844383
LOG: 1
LOG: [0,0,1],[0,0,1],[0,0,1],[0,0,1],[0,0.01,1],[0,0.02,1],[0,0,1],[0,0,1],[-0.01,-0.01,1],[-0.01,-0.03,1],[0,-0.02,1],[0,0,1]
LOG: Start recording...
LOG: Done recording...
LOG: Duration : 1.378999948501587 14recorded
LOG: 0.8248078442178641,0.60455968161694,0.737267895430716,0.8091950451036782,0.8649578753408994,0.7492000025091213,0.887741476011555,1.0559303049452329,0.7329805193561939,0.9337223860933197,1.2945348962638996,1.4070245037129123
LOG: 1
LOG: [0,0,1],[0,0,1],[0,0,1],[0,0.02,1],[0,0.02,1],[-0.01,0.01,1],[-0.01,0,1],[0,0,1],[-0.01,-0.01,1],[0,-0.02,1],[0,-0.02,1],[0,0,1],[0,0,1],[-0.01,0,0.9615384615384615]
LOG: Start recording...
LOG: Done recording...
LOG: Duration : 1.2000000476837158 12recorded
LOG: 1.0610380004508904,0.725993343757869,0.9600145031112634,0.9345685266523025,0.7902943354184067,0.9307344750781426,1.098348227180691,0.8714377715082834,0.8708074828729961,1.0054406378636047,1.5039405235694019,1.496027021283941
LOG: 1
LOG: [0,0,1],[0,0,1],[0,0,1],[0,0,1],[0,0.03,1],[0,0.02,1],[0,0.01,1],[-0.01,0,1],[0,0,0.9615384615384615],[-0.01,-0.02,1],[-0.01,-0.04,1],[0,0,1]
LOG: Start recording...
LOG: Done recording...
LOG: Duration : 1.1090002059936523 11recorded
LOG: 1.0327815759987151,0.6977666717525349,0.9053340371274751,0.8635793212852624,0.7074571734981318,0.8583706076791707,1.018400612425941,0.8718003607211399,0.8534648342777716,0.9606377566630809,1.4837050335201998,1.5231143553240483
LOG: 1
LOG: [0,0,1],[0,0,1],[0,0,1],[0,0,1],[0,0.02,1],[0,0.03,1],[-0.01,0,1],[-0.01,0.01,1],[0,0,1],[0,-0.02,1],[-0.01,-0.04,0.9615384615384615]
LOG: Start recording...
LOG: Done recording...
LOG: Duration : 1.1990001201629639 12recorded
LOG: 0.6829866978111185,0.402738750211162,0.6288663556949063,0.5363323332062863,0.5051513840385659,0.5528052943564257,0.7010790230156881,0.6743182239185103,0.5914635896564812,0.6694203811921967,1.3073193754096915,1.241858409003975
LOG: 1
LOG: [0,0,1],[0,0,1],[0,0,1],[0,0,1],[-0.01,0.01,1],[0,0.02,1],[0,0,1],[0,0,1],[0,0,1],[0,-0.01,1],[0,-0.01,1],[-0.01,-0.03,1]

LOG: Start recording...
LOG: Done recording...
LOG: Duration : 1.4090001583099365 14recorded
LOG: 0.8816425034150634,0.5574651906993733,0.8544793322055129,0.7341818866628972,0.6647445640617633,0.7396573504578036,0.9070333946102785,0.7933794286217014,0.7171240639187008,0.8645414040294611,1.382992350518885,1.4300952623867387
LOG: 1
LOG: [0,0,1],[0,0,1],[0,0,1],[0,0,1],[0,0.02,1],[0,0.02,1],[0,0.01,1],[0,0,1],[0,0.01,1],[0,0,1],[0,0,1],[0,-0.02,1],[0,-0.01,1],[0,-0.02,1]
LOG: Start recording...
LOG: Done recording...
LOG: Duration : 1.0190000534057617 10recorded
LOG: 1.2060383476650975,1.046741905947723,1.01996037207308,1.0515364317912268,0.9944777115254411,1.0485903092897075,1.1816002060030026,1.14644141750433,0.923064424618784,1.1042949078737714,1.804471592426307,1.3459184094872512
LOG: 8
LOG: [0,0,1],[0,0,1],[-0.01,0.03,1],[-0.01,0.02,1],[-0.01,0.01,1],[-0.01,0.01,1],[0,0,1],[0,0,1],[0,-0.02,1],[0,-0.02,1]
LOG: Start recording...
LOG: Done recording...
LOG: Duration : 1.1989998817443848 12recorded
LOG: 1.008627005874789,0.7418389679698745,0.9368325336469866,0.8482270777109958,0.7567909070711852,0.8455345912624432,1.005447148840803,0.8771077451258293,0.7758039585085856,0.9314710431016578,1.5865209917534273,1.428086588041091
LOG: 1
LOG: [0,0,1],[0,0,1],[0,0,1],[0,0.01,1],[-0.01,0.02,1],[0,0.02,1],[0,0.01,1],[0,0.01,1],[0,-0.01,1],[0,0,1],[-0.01,-0.03,1],[-0.01,-0.05,1]
LOG: Start recording...
LOG: Done recording...
LOG: Duration : 1.2000000476837158 12recorded
LOG: 0.6539709332446532,0.3417428233749548,0.4816554621037661,0.5048134067303879,0.49166436168932565,0.5745997726609043,0.6947874116524263,0.7280078416044697,0.5999965071065457,0.7823663673553359,1.0636947951056162,1.3150701423594162
LOG: 1
LOG: [0,0,1],[0,0,1],[0,0,1],[0,0,1],[0,0.01,1],[0,0,1],[-0.01,0,1],[-0.01,0,1],[0,0,1],[0,-0.01,1],[-0.01,-0.04,1],[0,0,1]
LOG: Start recording...
LOG: Done recording...
LOG: Duration : 0.9890000820159912 10recorded
LOG: 1.2021391737088511,1.0292484093173528,1.0671104317286872,1.0737694317217026,0.985272181825712,1.0567905837798237,1.1882716877025965,1.1403140696014666,0.9457052131338538,1.1171770784936041,1.7792612309742974,1.3636065975086693
LOG: 8
LOG: [0,0,1],[0,0,1],[-0.01,0.04,1],[-0.01,0.03,1],[-0.01,0,1],[0,0,1],[0,0.01,1],[0,-0.01,1],[0,-0.04,1],[0,-0.05,1]
LOG: Start recording...
LOG: Done recording...
LOG: Duration : 0.9889998435974121 10recorded
LOG: 0.8828004689147593,0.6334666365719098,0.7589298867129313,0.7431866451010071,0.6583213778065765,0.7331573097647889,0.8920151571153512,0.8790178975961845,0.6577098693046493,0.8567527651335489,1.4263421565073968,1.3001324807450954
LOG: 1
LOG: [0,0,1],[0,0,1],[0,0,1],[0,0.02,1],[-0.01,0.02,1],[-0.01,0,1],[0,0,1],[-0.01,-0.01,1],[-0.02,-0.05,1],[0,0,1]