LOG: Duration : 5.188000202178955 52recorded
LOG: [0,0,1],[-0.01,0,1],[0,0,1],[0,0,1],[0,0.01,1],[0,0.01,1],[0,0,1],[0,0.01,1],[-0.01,0,1],[-0.01,-0.01,1],[0,0.01,1],[0,-0.01,1],[0,-0.03,1],[0,0,1],[0,-0.02,1],[0,0,1],[-0.02,0,1],[-0.01,0,1],[0,0,1],[0.01,0,1],[-0.01,-0.01,1],[0,0,1],[0,0,1],[-0.01,0,1],[0,0,1],[0.01,0,1],[0.02,0,1],[0,0,1],[0,-0.02,1],[0,-0.01,1],[-0.01,-0.01,1],[0,0,1],[0,-0.01,1],[-0.01,-0.01,1],[0,0.02,1],[-0.01,0,1],[0,0,1],[0,0.01,1],[0,0.01,1],[0,0.01,1],[-0.01,0.01,1],[0,0,1],[0.01,0,1],[0.01,0,1],[0,-0.01,1],[0,-0.01,0.9615384615384615],[0,0,1],[-0.02,-0.01,1],[-0.02,0.01,1],[-0.02,0,1],[-0.02,0,1],[-0.02,0,1]

LOG: Duration : 4.891000032424927 49recorded
LOG: [0,0,1],[0,0,1],[0,0,1],[0,0,1],[0,0,1],[0,0.01,1],[-0.01,0,1],[-0.01,0.02,1],[0,0,1],[0.01,0.02,1],[0,0.01,0.9615384615384615],[0,0,1],[0,0,1],[0,-0.01,1],[-0.01,-0.01,1],[0,-0.02,1],[-0.02,0,1],[-0.02,0,1],[-0.01,-0.01,1],[0,0,1],[-0.01,0,1],[-0.01,0,1],[0.01,0,1],[0.01,0.01,1],[0.01,0,1],[0.02,0,1],[0.01,0,1],[0,0,1],[0,0,1],[0,0,1],[0,0,1],[0,0,1],[0,0,1],[0,0,1],[0,0,1],[-0.01,0.01,1],[0,0.01,1],[0,0,1],[0.02,0,1],[0.01,0,1],[0,0,1],[-0.01,0,1],[0,0,1],[0.01,0,1],[-0.01,0,0.9615384615384615],[-0.02,0,1],[-0.02,0,1],[-0.01,0,1],[-0.01,0,1]

LOG: Duration : 5.2200000286102295 52recorded
LOG: [0,0,1],[0,0,1],[0,0,1],[0,0,1],[0,0,1],[0,0,1],[0,0,1],[-0.01,-0.01,1],[0,0,1],[0,0.01,1],[0,0.01,1],[-0.01,0,1],[0,0,1],[-0.01,-0.02,1],[0,0,1],[0,-0.01,1],[0,-0.01,1],[-0.01,0,1],[-0.03,0,1],[-0.02,0.01,1],[0,0,1],[-0.01,0,1],[-0.01,0,1],[0,0,1],[0.01,0,1],[0.01,0,1],[0.01,0,1],[0.02,0,1],[-0.01,-0.01,1],[-0.01,0,1],[0,-0.01,1],[0,-0.01,1],[-0.01,-0.01,1],[0,0,1],[0,0,1],[0,0,1],[-0.01,-0.01,1],[0,0.01,1],[-0.01,0.01,1],[0,0.01,1],[0,0,1],[0.01,0,1],[0.01,0,1],[0,0,1],[0.01,0.01,1],[-0.01,0.02,1],[-0.01,0,1],[0,0,1],[-0.01,0,1],[-0.02,0.01,1],[-0.02,0,1],[-0.01,0,1]

LOG: Duration : 5.190000057220459 52recorded
LOG: [0,0,1],[0,0,1],[0,0,1],[0,0,1],[0,0,1],[-0.01,0,1],[0,0.01,1],[0,0.01,1],[0,0.01,1],[0,0.01,1],[-0.01,-0.01,1],[0,0,1],[-0.01,0,1],[-0.01,-0.01,1],[0,0,1],[0,0.01,1],[-0.01,0,1],[-0.01,-0.03,1],[0,0,1],[-0.01,0,1],[-0.03,-0.01,1],[0,0.01,1],[0,0,1],[0,0.01,1],[-0.01,0,1],[-0.02,0,1],[0,0,1],[-0.01,0,1],[0.01,0,1],[0.01,0,1],[0,0.01,1],[0,-0.01,1],[0,-0.01,1],[0,-0.01,1],[0,-0.01,1],[0,-0.01,1],[0,0,1],[0,0,1],[0,0.02,0.9615384615384615],[0,0.02,1],[0,0.02,1],[-0.01,0.02,1],[0,0,1],[0,0,1],[0.02,0,1],[0.07,0.04,1],[0,-0.01,1],[0,0.01,1],[0.01,0.01,1],[-0.01,0,1],[-0.01,0,1],[-0.01,0,1]

LOG: Duration : 5.189000129699707 52recorded
LOG: [0,0,1],[0,0,1],[0,0,1],[0,0,1],[-0.01,-0.01,1],[-0.01,-0.01,1],[0,0,1],[-0.01,0,1],[-0.01,0,1],[0,0,1],[0.01,0.01,1],[0,0,1],[0,0,1],[-0.01,-0.01,1],[0,-0.02,1],[0,-0.02,1],[0,0,1],[-0.02,0,1],[-0.02,0,1],[-0.01,0,1],[-0.02,-0.01,1],[-0.01,-0.01,1],[0,0,1],[0,0,1],[-0.01,0,1],[-0.03,0.01,1],[0.02,0,1],[0,0,1],[0.03,0,1],[0,0,1],[0,-0.01,1],[0,-0.02,1],[-0.01,-0.01,1],[-0.01,-0.01,1],[0,0.01,1],[-0.01,0,1],[0,0.01,1],[0,0,1],[0,0,1],[0,0.01,1],[0,0,1],[0,0.01,1],[0,0.01,1],[0.01,0,1],[0.01,0.01,1],[0.02,0.01,1],[0,0,1],[0,0.01,0.9615384615384615],[0,0,1],[-0.01,0,1],[-0.01,0,1],[-0.01,0,1]

LOG: Duration : 5.309999942779541 53recorded
LOG: [0,0,1],[0,0,1],[0,0,1],[0,0.01,1],[0,0.01,1],[-0.01,0.01,1],[0,0.01,1],[0,0.01,1],[0,0,1],[0.01,0.01,1],[0,0,1],[-0.01,-0.01,1],[-0.01,-0.02,1],[0,-0.01,1],[-0.01,0,1],[-0.03,0,1],[-0.02,0,1],[0,0,0.9615384615384615],[-0.01,-0.01,1],[-0.02,0,1],[-0.01,0,1],[0,0,1],[0.02,0.01,1],[0.02,0,1],[0,0,1],[0,0.01,1],[0,0,1],[0,-0.01,1],[0,-0.01,1],[0,-0.01,1],[0,-0.01,1],[0,0,1],[0,0,1],[0,0,1],[0,0,1],[0,0,1],[0,0.01,1],[0,0.01,1],[0,0.01,1],[0,0.02,1],[0,0,1],[0.01,0,1],[0.02,0,1],[0,0,1],[0,0,1],[0.01,0.01,1],[-0.03,0,1],[-0.04,-0.01,1],[-0.02,0,0.9615384615384615],[-0.03,0,1],[0,0.01,1],[-0.01,0,1],[0,0,1]

LOG: Duration : 5.10099983215332 51recorded
LOG: [0,0,1],[0,0,1],[0,0,1],[0,0,1],[-0.01,0.02,1],[-0.01,0.01,1],[0,0.01,1],[0,0,1],[0,0,1],[0,0,1],[0,-0.01,1],[0,-0.01,1],[0,-0.01,1],[-0.01,-0.02,1],[0,0,1],[-0.03,0,1],[-0.01,0,1],[0,0,1],[0.02,0.01,1],[0.01,0,1],[0,0,1],[-0.01,0,1],[-0.01,0,1],[-0.01,-0.01,1],[0,0,1],[0.01,0,1],[0,0,1],[0,0,1],[0,-0.02,1],[0,-0.01,1],[0,-0.01,1],[0,-0.01,1],[-0.01,0,1],[0,0.01,1],[0,0.01,1],[0,0.02,1],[0,0.02,1],[0,0.01,1],[0,0,1],[0,0.01,1],[0,-0.01,1],[0,-0.01,1],[-0.01,0,1],[-0.04,-0.02,1],[0,0,1],[-0.01,-0.01,1],[-0.02,0,1],[-0.01,0,1],[-0.01,0,1],[-0.01,0,1],[0,0,1]

LOG: Duration : 5.700000047683716 57recorded
LOG: [0,0,1],[0,0,1],[0,0,1],[0,0,1],[0,-0.01,1],[0,0.01,1],[-0.01,0,1],[0,0.01,1],[-0.01,0,1],[0,-0.01,1],[0,0.01,1],[0,0,1],[0,0,1],[0,0,1],[-0.01,-0.01,1],[-0.01,-0.03,1],[0,0,1],[-0.02,0,1],[-0.02,0,1],[-0.01,0,1],[-0.02,0.01,1],[0.01,0.01,1],[-0.01,0.01,1],[0,0,1],[0,0,1],[-0.01,0,1],[0,0,1],[0.01,0,1],[0.01,0,1],[-0.01,0,1],[0,0,1],[0,0,1],[0,-0.01,1],[-0.01,-0.01,1],[0,0,1],[-0.01,0,1],[0,0,1],[0,0,1],[0,0,1],[0,0,1],[0,0.01,1],[0,0.01,1],[0,0.01,1],[0,0.01,1],[-0.01,0.01,1],[0.01,0,1],[0.01,0.01,1],[0.01,0,1],[0.01,0,1],[0.01,0,1],[-0.01,-0.01,1],[0,0,1],[-0.01,0,1],[-0.01,0,1],[-0.01,0,1],[0,0,1],[0,0,1]

LOG: Duration : 5.700999975204468 57recorded
LOG: [0,0,1],[0,0,1],[0,0,1],[0,0,1],[-0.01,0.01,1],[0,0,1],[0,0.01,1],[0,0.01,1],[0,0,1],[0,0.01,0.9615384615384615],[-0.01,0,1],[-0.01,-0.01,1],[0,0.01,1],[0,0.01,1],[-0.01,0,1],[-0.01,-0.03,1],[-0.01,-0.02,1],[0,0,1],[-0.01,0,1],[-0.02,0,1],[-0.01,0.01,1],[0,0,1],[0.01,0,1],[0,0,1],[-0.01,0,1],[0,0,1],[0.02,0,1],[0,0,1],[0,0,1],[0,0,1],[0,0,1],[0,-0.01,1],[0,-0.01,1],[0,0,1],[0,-0.01,1],[0,0,1],[0,-0.01,1],[0,0,1],[-0.01,0,1],[-0.01,-0.01,1],[-0.01,0,1],[0,0.02,1],[0,0.02,1],[-0.01,0.01,1],[0,0,1],[0,0,1],[0.02,0,1],[0.01,0,1],[0.01,0.01,1],[-0.02,0,1],[0,-0.01,1],[-0.01,0,1],[-0.01,0,1],[-0.03,0,1],[-0.01,0,1],[-0.01,0,1],[-0.01,0,1]

LOG: Duration : 5.609999895095825 56recorded
LOG: [0,0,1],[0,0,1],[0,0,1],[0,0.01,1],[0,0.01,1],[0,0.01,1],[0.01,0.02,1],[-0.01,0,1],[-0.01,0,1],[-0.01,-0.01,1],[0,0.01,1],[0,0,1],[-0.01,-0.01,1],[-0.01,-0.02,1],[0,-0.01,1],[-0.02,0.01,1],[-0.01,0,1],[-0.01,0,1],[-0.01,0,1],[0,-0.01,1],[-0.01,0,1],[0,0,1],[0.01,0,1],[0.01,0,1],[-0.01,0,1],[0.02,0,1],[0,0.01,1],[0.01,0,1],[0.02,0,1],[0,0,1],[0,0.01,1],[0,0,1],[0,-0.01,1],[0,0,1],[0,0,1],[0,0,1],[0,0.01,1],[0,0,1],[0,0.01,1],[0,0,1],[0,0,1],[-0.01,0.01,1],[0,0.02,1],[0,0,1],[0,0,1],[0.01,0,1],[0.01,0,1],[0,0,1],[-0.01,0,1],[0,-0.01,1],[0,-0.01,1],[-0.01,-0.01,1],[-0.02,0,1],[-0.02,0,1],[-0.01,0,1],[0,0,1]
