LOG: 6
LOG: var data_0 = [ [0,0,1],[0,0,1],[0,0,0.9615384615384615],[0.21,-0.04,1.0384615384615385],[0.01,0,1],[0.01,0.01,1],[0.01,0.01,1],[0,0.01,1],[-0.01,0.02,1],[0,0.01,1],[0,0.04,1],[-0.02,0.01,1],[-0.02,0.01,1],[-0.02,-0.01,1],[-0.01,-0.02,1],[-0.01,0,1],[-0.01,-0.01,1],[-0.01,0,1],[-0.01,-0.01,1],[-0.01,-0.02,1],[0.01,-0.01,1],[0.01,0,1],[0.02,0.02,1],[0.02,0.02,1],[0.01,0.02,1],[-0.01,0.01,1],[-0.01,0,1],[-0.02,0,1] ]
LOG: 6
LOG: var data_1 = [ [0,0,1],[0,0,1],[0,0,1],[0.01,0,1],[0,0.01,1],[0.01,0.01,1],[0.01,0.02,1],[0,0.02,1],[0,0.03,1],[-0.01,0.03,1],[0,0.04,0.9615384615384615],[-0.02,0,1],[-0.02,-0.01,1],[-0.02,-0.02,1],[-0.01,-0.01,1],[-0.01,-0.02,1],[0,-0.01,1],[0.01,-0.03,1],[0,-0.03,1],[0.02,0.02,1],[0.02,0.03,1],[0.02,0.02,1],[0,0.02,1],[-0.02,0,1],[-0.02,-0.01,1] ]
LOG: 6
LOG: var data_2 = [ [0,0,1],[0,0,1],[0,0,1],[0.01,0,1],[0.01,0.01,1],[0,0.01,1],[-0.01,0.01,1],[-0.01,0.01,1],[-0.02,0.01,1],[-0.02,0.01,1],[-0.02,0.01,1],[-0.02,0,1],[-0.02,0,1],[-0.02,-0.01,1],[-0.02,0,1],[-0.03,-0.01,0.9615384615384615],[0.01,0,1],[0.02,-0.01,1],[0.02,0.01,1],[0.02,0.01,1],[0.01,0.03,1],[-0.01,0.02,1],[-0.01,0.02,1],[-0.01,0.01,1],[-0.02,-0.01,1] ]
LOG: 6
LOG: var data_3 = [ [0,0,1],[0,0,1],[0.01,0,1],[0.01,0.01,1],[0,0.01,1],[-0.01,0.02,1],[-0.01,0.02,1],[-0.02,0.01,1],[-0.01,0.03,1],[-0.02,0.01,1],[-0.02,0,1],[-0.02,0,1],[-0.02,-0.02,1],[-0.02,-0.04,1],[0.01,-0.05,1],[0.04,0.01,1],[0.01,0,1],[0.01,0.02,1],[0,0.02,1],[-0.01,0.02,1],[-0.05,-0.03,1] ]
LOG: 6
LOG: var data_4 = [ [-0.01,0,1],[0,0,1],[0.02,0,1],[0.02,0,1],[0.02,0.02,1],[-0.01,0.02,1],[-0.01,0.03,1],[-0.03,0.02,1],[-0.02,0.02,1],[-0.03,0,1],[-0.02,0,1],[-0.01,0.01,1],[-0.01,-0.04,1],[-0.02,-0.04,1],[0.01,-0.03,1],[0.04,0.01,1],[0.03,0.04,1],[0.01,0.02,1],[-0.01,0.02,1],[-0.02,0,1],[-0.03,-0.01,1] ]
LOG: 6
LOG: var data_5 = [ [-0.01,0,1],[0,-0.01,1],[0.02,0,1],[0.02,0,1],[0,0.01,1],[0,0.02,0.9615384615384615],[-0.03,0.02,1],[-0.03,0.01,1],[-0.02,0.02,1],[-0.02,0,1],[-0.03,-0.03,1],[-0.02,-0.03,1],[0,-0.02,1],[0.02,-0.03,1],[0.05,0.02,1],[0.02,0.01,1],[0.02,0.03,0.9615384615384615],[0.01,0.02,1],[-0.03,0,1],[-0.03,-0.02,1] ]
LOG: 6
LOG: var data_6 = [ [0,0,1],[0,0,1],[0.02,-0.01,1],[0.02,0,1],[0.02,0.01,1],[0.01,0.03,1],[-0.01,0.02,1],[-0.02,0.03,1],[-0.03,0.01,1],[-0.01,0.01,1],[-0.02,0,1],[-0.03,-0.02,1],[-0.01,-0.04,1],[-0.01,-0.04,0.9615384615384615],[0.03,-0.01,1],[0.02,-0.01,1],[0.03,0.02,1],[0.02,0.04,1],[0,0.03,1],[-0.03,0,1],[-0.04,-0.03,1] ]
LOG: 6
LOG: var data_7 = [ [0,0,1],[0,0,1],[0.01,0,1],[0.02,0.01,1],[0,0,1],[0,0.02,1],[-0.03,0.01,1],[-0.02,0.01,1],[-0.02,0,1],[-0.02,0,0.9615384615384615],[-0.02,-0.03,1],[-0.01,-0.03,1],[-0.03,-0.05,1],[0.02,-0.03,1],[0.04,0.02,1],[0.02,0.03,1],[0,0.02,1],[-0.01,0.01,1],[-0.02,0.01,1],[-0.05,-0.02,1] ]
LOG: 6
LOG: var data_8 = [ [0,0,1],[0.01,0,1],[0.02,-0.01,1],[0.02,0.01,1],[0.02,0.02,1],[-0.01,0.02,1],[-0.02,0.01,1],[-0.03,0.02,1],[-0.03,0,1],[-0.02,0,1],[-0.03,-0.02,1],[-0.02,-0.04,1],[-0.01,-0.05,1],[0.05,-0.02,1],[0.05,0.01,1],[0.03,0.04,1],[0.01,0.02,1],[-0.02,0.01,1],[-0.02,0,1],[-0.04,-0.02,1] ]
LOG: 6
LOG: var data_9 = [ [0,0,1],[0.01,-0.01,1],[0.02,0.01,1],[0,0.02,1],[0,0.03,1],[-0.01,0.03,1],[-0.03,0.01,1],[-0.02,0,1],[-0.03,-0.01,1],[-0.03,-0.01,1],[-0.01,-0.02,1],[-0.01,-0.03,1],[-0.01,-0.02,0.9615384615384615],[0.04,-0.01,1],[0.03,-0.01,0.9615384615384615],[0.02,0.03,1],[0.01,0.04,1],[-0.01,0.01,1],[0,0,1],[-0.05,-0.03,1] ]
LOG: 6
LOG: var data_10 = [ [0.02,-0.01,1],[0,0.01,1],[-0.01,0.01,1],[0,0.01,1],[-0.02,0.01,1],[-0.02,0.02,1],[-0.02,0.01,1],[-0.03,-0.01,1],[-0.04,-0.02,1],[-0.02,-0.02,1],[-0.02,-0.05,1],[0.03,-0.03,1],[0.05,-0.01,1],[0.03,0.04,1],[0,0.04,1],[-0.01,0.03,1],[-0.03,0.01,1],[-0.04,-0.03,1] ]
LOG: 6
LOG: var data_11 = [ [0,0,1],[0.02,-0.01,1],[0.04,0.01,1],[0.01,0.02,1],[-0.01,0.02,1],[-0.03,0.02,1],[-0.04,0.03,1],[-0.02,0.02,1],[-0.03,-0.04,1],[-0.03,-0.03,1],[-0.01,-0.03,1],[-0.02,-0.04,1],[0.02,-0.03,1],[0.03,0.01,1],[0.03,0.02,1],[0.01,0.02,1],[0,0.02,1],[-0.03,0.01,1],[-0.04,-0.02,1] ]
LOG: 6
LOG: var data_12 = [ [0,0,1],[0.03,0.01,1],[0.01,0.01,1],[0,0.02,1],[-0.01,0.01,1],[-0.02,0.03,1],[-0.02,0.02,1],[-0.02,0.01,1],[-0.02,0,1],[-0.03,-0.02,1],[-0.04,-0.03,1],[0,-0.03,1],[0.04,-0.01,1],[0.04,0.01,1],[0.03,0.03,1],[0,0.04,1],[-0.01,0.02,1],[-0.03,0,1],[-0.04,-0.03,1] ]
LOG: 6
LOG: var data_13 = [ [0.01,-0.01,1],[0.01,0.01,1],[0.01,0.01,1],[0,0.02,1],[-0.01,0.03,1],[-0.02,0.01,1],[-0.02,0.01,1],[-0.02,0,1],[-0.02,0,1],[-0.02,-0.01,1],[-0.02,-0.05,1],[0.04,-0.02,1],[0.03,0,1],[0.03,0.02,1],[0.03,0.03,1],[-0.01,0.03,1],[-0.03,0.01,1],[-0.02,-0.02,1] ]
LOG: 6
LOG: var data_14 = [ [0,0,1],[0.01,0,1],[0.02,0,1],[0.03,0.01,1],[0.01,0.01,1],[-0.01,0.03,1],[-0.02,0.04,1],[-0.02,0.02,0.9615384615384615],[-0.04,-0.02,1],[-0.03,-0.01,0.9615384615384615],[-0.03,-0.02,1],[-0.02,-0.04,1],[0.04,-0.03,1],[0.05,-0.01,1],[0.03,0.01,0.9615384615384615],[0.01,0.05,0.9615384615384615],[-0.01,0.04,1],[-0.05,0,1] ]
LOG: 6
LOG: var data_15 = [ [-0.01,0.01,1],[0,0,1],[0.02,0,1],[0.02,0,1],[0.01,0.03,1],[-0.02,0.03,0.9615384615384615],[-0.03,0.02,1],[-0.03,0.01,1],[-0.02,0.01,1],[-0.04,-0.02,1],[-0.03,-0.03,1],[-0.03,-0.05,1],[0.03,-0.02,1],[0.06,0.02,1],[0.03,0.03,1],[0,0.03,1],[-0.04,0,1],[-0.06,-0.03,1] ]
LOG: 6
LOG: var data_16 = [ [0,0,1],[-0.01,0,1],[0.02,0,1],[0.01,0.01,1],[-0.01,0.03,1],[-0.01,0.03,1],[-0.04,0.01,1],[-0.03,0.02,1],[-0.03,0,1],[-0.03,-0.03,1],[-0.02,-0.04,1],[0.02,-0.03,1],[0.05,0,1],[0.04,0.02,1],[0.02,0.04,1],[-0.01,0.04,1],[-0.06,-0.02,1] ]
LOG: 8
LOG: var data_17 = [ [-0.01,0,1],[0,0,1],[0.01,0,1],[0.02,0.01,1],[0,0.02,1],[-0.01,0.03,1],[-0.02,0.03,1],[-0.05,0.04,1],[-0.03,0,1],[-0.04,-0.02,1],[-0.02,-0.03,1],[-0.01,-0.04,1],[0.05,0,1],[0.06,0.03,1],[0.03,0.04,1],[-0.01,0.03,1],[-0.06,-0.02,1] ]
LOG: 8
LOG: var data_18 = [ [-0.01,0.01,1],[0.01,-0.01,1],[0.03,-0.01,1],[0.03,0.01,1],[0.01,0.04,1],[-0.01,0.02,1],[-0.04,0.01,1],[-0.03,0.01,1],[0,0.02,1],[-0.02,-0.01,1],[-0.03,-0.03,1],[0,-0.05,1],[0.04,-0.03,1],[0.04,0.02,1],[0.02,0.04,1],[-0.01,0.05,1],[-0.05,-0.02,1] ]
LOG: 6
LOG: var data_19 = [ [0,0,1],[0,-0.03,1],[0.02,0,1],[0.01,0.03,1],[0.01,0.03,1],[-0.02,0.01,1],[-0.03,0.02,1],[-0.03,0,1],[-0.03,0.02,1],[-0.04,-0.03,1],[-0.02,-0.03,1],[0,-0.04,1],[0.03,-0.02,1],[0.05,0,1],[0.03,0.02,1],[-0.01,0.03,1],[-0.04,0.01,1] ]
LOG: 6
LOG: var data_20 = [ [0,0,1],[0,0,1],[0.01,0,1],[0.02,0.01,1],[0,0.02,1],[0,0.04,1],[-0.04,0.02,1],[-0.03,0.04,1],[-0.04,0,1],[-0.04,-0.03,1],[-0.04,-0.05,1],[0,-0.05,1],[0.06,0.02,1],[0.04,0.03,1],[0.02,0.04,1],[0,0.03,1],[-0.04,-0.01,1],[0,0.06,1] ]
LOG: 6
LOG: var data_21 = [ [0.01,0,1],[0,0,1],[0.02,-0.01,1],[0.04,0,1],[0.03,0.02,1],[0.02,0.04,1],[-0.02,0.04,1],[-0.03,0.03,1],[-0.04,0.01,1],[-0.04,-0.02,1],[-0.02,-0.03,0.9615384615384615],[-0.01,-0.04,1],[0.05,0,1],[0.05,0.01,1],[0.03,0.03,1],[0,0.04,1],[-0.04,0.01,1],[-0.05,-0.03,1] ]
LOG: 8
LOG: var data_22 = [ [0,0,1],[0,0,1],[0.02,0.01,1],[0.02,0.02,1],[0.01,0.03,1],[-0.03,0.02,0.9615384615384615],[-0.04,0.02,1],[-0.02,0.03,1],[-0.03,-0.01,1],[-0.04,-0.06,1],[-0.04,-0.06,1],[0.03,-0.02,1.0384615384615385],[0.09,0.05,1],[0.03,0.04,1],[-0.02,0.03,1] ]
LOG: 8
LOG: var data_23 = [ [0,0,1],[0.02,0,1],[0.03,0,1],[0.01,0.01,1],[-0.01,0.02,1],[-0.02,0.04,1],[-0.02,0.05,1],[-0.02,0.01,1],[-0.04,-0.01,1],[-0.04,-0.04,1],[-0.01,-0.05,1],[0.06,-0.02,0.9615384615384615],[0.07,0.02,1],[0.04,0.06,1],[0,0.05,1],[-0.04,0.01,1] ]
LOG: 6
LOG: var data_0 = [ [0,0,1],[0,0,1],[0,0,1],[0.02,0,1],[0.01,0.01,1],[-0.01,0.04,0.9615384615384615],[-0.01,0.02,1],[-0.01,0.03,1],[-0.04,0.02,1],[-0.04,0,0.9615384615384615],[-0.04,-0.04,1],[-0.03,-0.02,1],[-0.02,-0.04,1],[0,-0.05,1],[0.06,0.02,1],[0.05,0.05,1],[0,0.04,1],[-0.05,-0.01,1] ]
LOG: 6
LOG: var data_1 = [ [0.01,-0.01,1],[0,0,1],[0.01,0.02,1],[0,0.02,1],[-0.02,0.02,1],[-0.03,0.01,1],[-0.03,0.01,1],[-0.04,-0.01,1],[-0.03,-0.04,1],[-0.02,-0.04,1],[0,-0.02,1],[0.04,-0.01,1],[0.05,0.02,1],[0.03,0.03,1],[0,0.04,1],[-0.05,-0.03,1] ]
LOG: 6
LOG: var data_2 = [ [0,0,1],[0.01,-0.01,1],[0.02,0.01,1],[0.02,0.01,1],[0.02,0.02,1],[-0.01,0.03,1],[-0.02,0.04,1],[-0.03,0,0.9615384615384615],[-0.04,-0.02,1],[-0.03,-0.03,1],[-0.01,-0.05,1],[0.04,-0.01,1],[0.03,0,0.9615384615384615],[0.05,0.04,1],[0.03,0.06,1],[-0.03,0.02,1],[-0.06,-0.03,1] ]
LOG: 6
LOG: var data_3 = [ [0,0,1],[0.01,-0.01,1],[0.03,-0.01,1],[0.02,0.01,1],[0.02,0.04,1],[-0.01,0.02,1],[-0.04,0.02,1],[-0.04,0.01,0.9615384615384615],[-0.03,0.02,1],[-0.04,-0.03,1],[-0.04,-0.04,1],[0.01,-0.02,0.9615384615384615],[0.06,0,1],[0.03,0.01,1],[0.02,0.06,1],[-0.02,0.05,1],[-0.06,-0.03,1] ]
LOG: 6
LOG: var data_4 = [ [0,0,1],[0.01,0,1],[0.02,0,1],[0.02,0.01,1],[0.01,0.02,1],[-0.02,0.02,1],[-0.03,0.02,1],[-0.03,0.01,1],[-0.03,0.01,1],[-0.04,-0.01,0.9615384615384615],[-0.03,-0.03,1],[-0.01,-0.03,1],[0.02,-0.04,1],[0.01,-0.03,1],[0.02,0,1],[0.03,0.04,1],[-0.01,0.02,1],[-0.01,0.02,1],[-0.05,-0.02,0.9615384615384615] ]
LOG: 6
LOG: var data_5 = [ [0,0,1],[0,0,1],[0.02,0,1],[0.02,0.03,1],[0,0.01,1],[-0.01,0.02,1],[-0.03,0.03,1],[-0.03,0.01,1],[-0.04,-0.01,1],[-0.03,-0.01,1],[-0.02,-0.02,1],[0,-0.02,1],[0.02,-0.02,1],[0.05,0.03,1],[0.03,0.02,1],[0.02,0.04,1],[0,0.03,1],[-0.04,0,1],[-0.03,0,1] ]
LOG: 6
LOG: var data_7 = [ [0,0,1],[0,0,1],[0,0,1],[0,0,1],[0,0,1],[0,0,1],[0,0,1],[0,0,1],[-0.07,-0.05,1.2692307692307692],[-0.03,-0.03,0.8076923076923076],[0.05,0.03,0.923076923076923],[0.02,-0.01,0.9615384615384615],[0.03,0.01,1],[0.04,0.03,1],[0.02,0.03,1],[-0.04,0.04,0.9615384615384615],[-0.04,0.02,1],[-0.06,0,1],[-0.05,-0.05,1],[-0.02,-0.07,1],[0.04,-0.03,0.9615384615384615],[0.07,0.01,1],[0.03,0.04,1],[0,0.05,1],[-0.03,0.02,1] ]
LOG: 6
LOG: var data_8 = [ [0,0,1],[0,0,1],[0,0.01,1],[0.02,0.01,1],[0.02,0.02,1],[0.01,0.04,1],[-0.02,0.02,1],[-0.03,0.01,1],[-0.03,-0.01,1],[-0.02,0,1],[-0.03,-0.04,1],[-0.03,-0.05,1],[0,-0.06,1],[0.05,0,0.9615384615384615],[0.06,0.03,1],[0.03,0.05,1],[-0.04,0.03,1],[-0.06,-0.03,1] ]
LOG: 6
LOG: var data_9 = [ [0,0,1],[0.1,-0.11,1],[0.02,-0.01,1],[0,0,1],[0.01,0.03,1],[-0.02,0.03,1],[-0.03,0.03,1],[-0.03,0.02,1],[-0.02,0.01,1],[-0.03,0,1],[-0.05,-0.05,1],[-0.01,-0.06,1],[0.03,-0.02,1],[0.05,0.02,1],[0.03,0.04,1],[-0.02,0.03,1],[-0.07,-0.01,1] ]
LOG: 6
LOG: var data_10 = [ [0,0,1],[0,0,1],[0.02,0.01,1],[0.02,0,1],[0.03,0.02,1],[0.01,0.05,1],[-0.03,0.02,0.9615384615384615],[-0.04,0.01,0.9615384615384615],[-0.04,0,1],[-0.03,-0.02,1],[-0.03,-0.04,0.9615384615384615],[0,-0.04,1],[0.04,-0.02,1],[0.06,0.02,1],[0.03,0.04,1],[-0.01,0.04,1],[-0.04,0,1],[-0.03,-0.02,1],[0.01,0.06,1.3846153846153846] ]
LOG: 6
LOG: var data_11 = [ [0,0,1],[0,0,1],[0.02,0,1],[0.03,0,1],[0.05,0.03,1],[0.02,0.03,0.9615384615384615],[-0.01,0.05,1],[-0.03,0.03,1],[-0.02,0.02,1],[-0.04,-0.02,1],[-0.03,-0.01,1],[0,-0.03,1],[0.01,-0.04,1],[0.05,0,1],[0.08,0.03,1],[0.02,0.06,1],[-0.01,0.03,1],[-0.05,0,1] ]
LOG: 6
LOG: var data_12 = [ [0,0,1],[0.02,-0.03,1],[0.03,0,1],[0.03,0.03,1],[-0.01,0.05,1],[-0.02,0.04,1],[-0.03,0.03,1],[-0.04,0,1],[-0.05,-0.04,0.9615384615384615],[-0.01,-0.03,0.9615384615384615],[-0.01,-0.05,1],[0.03,-0.03,1.0384615384615385],[0.05,0,1],[0.02,0.04,1],[-0.01,0.03,1],[-0.03,0.02,1],[-0.04,-0.03,1] ]
LOG: 6
LOG: var data_13 = [ [0,0,1],[0,-0.01,1],[0.02,0,1],[0.02,0.02,1],[0.01,0.02,1],[-0.03,0.01,1],[-0.03,0.03,1],[-0.03,0.01,1],[-0.03,-0.01,1],[-0.03,-0.03,1],[-0.02,-0.03,1],[0.03,-0.03,1],[0.05,0.02,1],[0.02,0.01,1],[0.02,0.02,1],[0.01,0.02,1],[-0.02,0.03,1],[-0.01,0.01,1] ]
LOG: 6
LOG: var data_14 = [ [0,0,1],[0.02,-0.01,1],[0.02,0.01,1],[0.01,0.02,1],[-0.01,0.04,1],[-0.03,0.04,1],[-0.04,0.03,1],[-0.03,0,1],[-0.03,-0.03,1],[-0.01,-0.04,1],[0.01,-0.03,1],[0.04,-0.02,1],[0.06,0.03,1],[0.03,0.06,1],[-0.04,0.02,1],[-0.04,0.01,1],[-0.03,-0.02,1] ]
LOG: 6
LOG: var data_15 = [ [0,0.01,1],[0.01,-0.01,1],[0.01,0,1],[0.02,0.02,1],[0.02,0.04,1],[-0.03,0.03,1],[-0.05,0.01,1],[-0.05,0,1],[-0.04,-0.03,1],[-0.02,-0.04,1],[0,-0.04,0.9615384615384615],[0.05,0,1],[0.06,0.03,1],[0.03,0.03,1],[-0.03,0.04,1],[-0.05,-0.01,1] ]
LOG: 6
LOG: var data_16 = [ [0,0,1],[0.01,-0.02,1],[0.02,0,1],[0.02,0.02,1],[0,0.04,0.9615384615384615],[-0.02,0.04,1],[-0.05,0.02,1],[-0.05,0,1],[-0.04,-0.01,1],[-0.03,-0.04,1],[-0.01,-0.05,1],[0.01,-0.04,1],[0.03,-0.01,1],[0.04,0.01,1],[0.01,0.04,1],[-0.01,0.03,1],[-0.04,0,1],[-0.04,0.03,1.0384615384615385] ]
LOG: 6
LOG: var data_17 = [ [0,0,1],[0,-0.01,1],[0.02,0,1],[0.02,0.01,1],[0.01,0.03,1],[-0.02,0.04,1],[-0.04,0.03,1],[-0.03,0.02,1],[-0.04,0,1],[-0.04,-0.03,1],[-0.02,-0.05,1],[0.01,-0.06,0.9615384615384615],[0.06,0,1],[0.03,0.02,1],[0.02,0.04,1],[-0.01,0.04,1],[-0.06,0,1] ]
LOG: 6
LOG: var data_18 = [ [-0.01,0.01,1],[0,-0.02,1],[0.01,-0.01,1],[0.03,0.01,1],[0.01,0.04,1],[-0.02,0.03,0.9615384615384615],[-0.03,0.02,1],[-0.03,0.01,1],[-0.05,-0.03,1],[-0.04,-0.02,1],[-0.04,-0.05,1],[0.01,-0.06,1],[0.07,0.01,1],[0.04,0.03,1],[0,0.05,1],[-0.05,0,1],[-0.03,-0.03,1],[0,0,1] ]
LOG: 6
LOG: var data_19 = [ [0,0,1],[0,0,1],[0.01,-0.01,1],[0.03,0.01,1],[0.02,0.04,1],[-0.01,0.03,1],[-0.04,0.02,1],[-0.03,0.02,1],[-0.02,-0.01,1],[-0.04,-0.01,1],[-0.04,-0.06,1],[0,-0.05,1],[0.07,0.01,1],[0.05,0.04,1],[0.02,0.08,1],[-0.03,0.03,1],[-0.04,-0.02,1] ]
LOG: 6
LOG: var data_20 = [ [0,0,1],[0,0,1],[0.01,-0.01,1],[0.02,-0.01,1],[0.02,0.02,1],[0.02,0.03,1],[-0.01,0.05,1],[-0.04,0.02,1],[-0.03,0.03,1],[-0.04,-0.02,1],[-0.03,-0.04,1],[-0.02,-0.06,1],[0.03,-0.02,1],[0.07,0.03,1],[0.03,0.03,1],[0.01,0.05,1],[-0.05,0,1],[-0.05,-0.03,1] ]
LOG: 6
LOG: var data_21 = [ [0,0,1],[0,-0.01,1],[0.02,-0.01,1],[0.03,0.02,1],[0.01,0.04,1],[-0.02,0.04,1],[-0.04,0.02,1],[-0.04,0.01,1],[-0.04,-0.02,1],[-0.01,-0.02,1],[-0.01,-0.06,0.9615384615384615],[0.03,-0.02,1],[0.04,0.02,1],[0.03,0.06,1],[0,0.04,1],[-0.06,-0.01,1] ]
LOG: 6
LOG: var data_22 = [ [0,0,1],[0.01,-0.01,1],[0.03,0,1],[0.02,0.01,1],[0.01,0.04,1],[-0.01,0.04,1],[-0.04,0.02,1],[-0.04,0.01,1],[-0.04,-0.01,1],[-0.03,-0.04,1],[0,-0.06,1],[0.05,-0.02,1],[0.06,0.03,1],[0.02,0.05,1],[-0.01,0.04,1],[-0.04,-0.01,1] ]
LOG: 6
LOG: var data_23 = [ [0,0,1],[0,-0.01,1],[0.02,-0.01,1],[0.03,0.02,1],[0.02,0.03,1],[-0.01,0.04,1],[-0.05,0.02,1],[-0.05,0.03,0.9615384615384615],[-0.06,-0.02,1],[-0.02,-0.05,1],[-0.02,-0.06,0.9615384615384615],[0.06,0.01,1],[0.07,0.04,1],[0.03,0.06,1],[-0.02,0.03,1],[-0.08,-0.03,1] ]
LOG: 6
LOG: var data_24 = [ [0,0,1],[0,0,1],[0,0,1],[0.01,-0.01,1],[0.03,0.03,1],[0.03,0.03,1],[-0.02,0.04,1],[-0.04,0.02,1],[-0.05,0.01,1],[-0.04,0.01,1],[-0.05,-0.06,0.9615384615384615],[0,-0.06,1],[0.08,0.01,1],[0.05,0.04,1],[0,0.05,1],[-0.04,0.04,1],[-0.08,-0.05,1] ]
LOG: 6
LOG: var data_25 = [ [-0.01,0,1],[0.01,-0.01,1],[0.02,0.01,1],[0.02,0.02,1],[0.01,0.03,1],[-0.02,0.03,1],[-0.05,0.01,1],[-0.03,0.01,1],[-0.04,-0.01,0.9615384615384615],[-0.04,-0.05,1],[-0.02,-0.07,1],[0.03,-0.04,1],[0.06,0,1],[0.04,0.05,1],[-0.03,0.06,1],[-0.05,0.02,1],[-0.05,-0.06,1] ]
LOG: 0
LOG: var data_26 = [ [0,0,1],[0,0.01,0.9615384615384615],[0,0,1],[0.03,0,1],[0.03,0,1],[0.01,0.04,1],[-0.02,0.04,1],[-0.04,0.02,0.9615384615384615],[-0.04,0.01,1],[-0.05,-0.04,1],[-0.02,-0.05,1],[-0.01,-0.06,0.9615384615384615],[0.03,-0.02,1],[0.04,0.01,0.9615384615384615],[0.03,0.06,1],[0,0.06,1],[-0.05,-0.01,1],[-0.03,-0.01,1] ]
LOG: 6
LOG: var data_27 = [ [0,0,1],[0,0,1],[0.03,-0.01,1],[0,0.03,1],[0.02,0.04,1],[-0.01,0.03,1],[-0.03,0.01,1],[-0.04,-0.02,1],[-0.04,-0.01,1],[-0.04,-0.03,1],[-0.03,-0.04,1],[-0.02,-0.07,1],[0,-0.05,1],[0.04,-0.01,1],[0.05,0.05,1],[0,0.05,1],[-0.05,0.02,1] ]