


Duration : 2.3980000019073486 24recorded
0.9858823129598728,0.5960053309940689,0.6652690235171175,0.8274796353589543,0.7107975325499234,0.8090504060874151,0.9037090381281144,0.5643271929833903,0.8177701969677338,0.7198017963511104
7
[0,0,0.99],[0,0,1],[0,0,0.99],[0,0,0.99],[0,0,1],[-0.02,0,1],[-0.02,0,1],[-0.01,0,0.99],[0,0,1],[-0.01,0,1.01],[0.01,0,1],[0.03,0.01,0.99],[0,0,1],[0,0.01,1],[0,0,0.99],[0,0.01,0.99],[0,0.01,0.99],[-0.01,-0.01,1],[0,0.01,1],[-0.01,0,1],[-0.01,-0.01,0.99],[-0.02,-0.04,0.99],[0,0,0.99],[0,0,0.99]


Duration : 2.188999891281128 22recorded
1.2110266335721886,0.7230466934984339,0.6933758363036999,0.892538507716527,0.8571014499565206,0.9381436328280153,1.0890505267814756,0.5134958651885496,1.0111601711884275,0.8534898162481439
7
[0,0,0.99],[0,0,1],[0,0,0.99],[-0.01,0,0.99],[-0.01,0,1],[-0.01,0,1],[-0.02,0,0.99],[0,0,0.99],[0,0,1.01],[0.03,0.01,0.99],[0,0,0.99],[0.01,0.01,1],[0,0.01,0.99],[-0.01,0.01,0.99],[0,0.02,0.99],[0,0.01,1],[-0.01,-0.01,0.99],[-0.01,0,1.01],[-0.01,-0.01,0.98],[-0.02,-0.03,0.99],[-0.01,-0.01,1],[0,0,0.99]


Duration : 2.490000009536743 25recorded
1.1391070335516424,0.6605541268056023,0.7773885375745317,0.8831078316049951,0.8156686434874504,0.9035860463573152,1.061891694210453,0.5979453685475562,1.0454383291257774,0.8168219130106125
7
[0,0,0.99],[0,0,1],[0,0,0.99],[0,0,1],[-0.01,0,1],[-0.01,0.01,1],[0,0,0.99],[-0.01,0,0.99],[0,-0.01,1],[0,0,1],[0,0,0.99],[0.02,0.01,1],[0,0,0.99],[0.01,0.02,0.99],[0.01,0.02,1],[0,0.01,1],[0,0,1],[0,0.01,0.99],[-0.01,0,1],[0,0,0.98],[-0.01,-0.02,0.99],[-0.01,-0.01,0.99],[0,0,0.99],[0,0,0.98],[0,0,0.99]


Duration : 2.309000015258789 23recorded
1.0389207501891902,0.538771481050154,0.5906584273484858,0.6841166674319954,0.651177557639017,0.7539533515163334,0.8704475980176424,0.504050864961652,0.901129478999526,0.6789464243432731
7
[0,0,1],[0,0,1],[0,0,1],[-0.01,0,0.99],[-0.02,0,0.99],[0.01,0,1],[-0.01,0,1],[-0.01,0,0.99],[0.01,0,0.99],[0.01,0,0.99],[0,0,0.99],[0,0.01,1],[0,0.01,1],[0,0.01,1],[0,0.01,0.99],[0,0,1],[-0.01,0.01,1.02],[0,0,0.99],[0,0,0.99],[-0.01,-0.02,1],[-0.01,-0.02,0.99],[0,0,1],[-0.01,0,0.95]
 


Duration : 2.3989999294281006 24recorded
1.0923536851985203,0.5532892838982135,0.47748940866856054,0.6830888755412285,0.7245088211307549,0.745765966926009,0.8434199591815882,0.38795325992652446,0.7917773712168713,0.6608194934455813
7
[0,0,0.99],[0,0,1],[0,0,0.99],[-0.01,0,0.99],[-0.02,0,1],[-0.01,0,1],[-0.01,0,0.99],[-0.01,0,1],[-0.01,0.01,1],[0.02,0.01,0.99],[0,0,1],[0,0.01,0.99],[0,0.01,1],[-0.01,0,1.01],[0,0.02,0.98],[-0.01,-0.01,1.01],[0,0.01,1],[0,0,0.99],[-0.01,0,1],[0,0.01,0.99],[-0.01,-0.01,0.99],[-0.01,-0.01,0.99],[-0.01,-0.01,0.99],[0,0,0.99]


Duration : 2.3969998359680176 24recorded
1.11137383232265,0.5859533169661761,0.6237450390646444,0.8295650110803209,0.7256360273099801,0.8138974232151545,0.9595481560670981,0.4922604678252475,0.9416705263579861,0.7458566798907759
7
[0,0,0.99],[0,0,0.99],[0,0,0.99],[0,0,0.99],[-0.01,0,0.99],[0,0,1],[-0.01,0,0.99],[-0.01,0,0.99],[-0.01,0,1],[0.01,0,1],[0.02,0,0.99],[-0.01,0,1],[0.01,0.02,1],[0,0.01,1],[-0.01,0,1],[0,0.01,0.99],[-0.01,0,1],[0,0.01,0.99],[-0.01,0.01,1],[-0.01,-0.01,1.01],[-0.01,-0.01,0.99],[-0.01,-0.02,0.99],[0,0,1],[0,0,0.99]


Duration : 2.48799991607666 25recorded
0.9993431872432286,0.5887260325131436,0.5758192902398847,0.7296326626234294,0.6952406926303811,0.7981515432050873,0.9076502425302512,0.5528688904241682,0.945887891323186,0.7304535867489782
7
[0,0,1],[0,0,0.99],[0,0,1],[-0.01,0,1],[-0.01,0,0.99],[-0.01,0,1],[-0.01,0,1],[0,0,1],[0,0,0.99],[0,0,0.99],[0.01,0,0.99],[-0.01,0,1],[0,0,0.99],[0,0,0.99],[0,0.01,1],[0.01,0.02,0.99],[0,0.01,0.99],[0,0.01,1],[-0.01,-0.01,0.99],[-0.01,-0.01,1],[0,0.01,0.99],[-0.01,0,0.99],[-0.01,-0.01,1],[-0.01,-0.02,0.99],[-0.01,-0.01,0.99]


Duration : 2.311000108718872 23recorded
1.0859922026687794,0.704701345317898,0.6755804370235636,0.778158404551788,0.7854861434209491,0.9210774358591302,0.988346369106659,0.5051432115669422,1.0043183667947326,0.9124284310246062
7
[0,0,1],[0,0,1],[0,0,0.99],[-0.02,0,1],[-0.02,0,1],[0,0.01,1],[0,0,1],[0,0,0.98],[0,0,1],[0.01,0,1],[0,0,0.99],[0,0,0.99],[0.01,0.02,0.99],[0,0.01,1],[0,0.01,1],[0,0.02,0.99],[0.01,0.02,0.98],[-0.01,-0.01,1.01],[-0.01,0,1],[0,0,0.99],[0,0,0.99],[-0.01,-0.01,1],[0,0,1]


Duration : 2.309000015258789 23recorded
1.1034599443596567,0.6195085504011857,0.6638020679663514,0.8295213547916538,0.8079751418249637,0.8951276491945602,0.9888742310248231,0.5872320762562888,1.0206292250290272,0.811636169691686
7
[0,0,0.99],[0,0,0.99],[0,0,0.99],[-0.01,0,1],[-0.01,0,0.99],[-0.01,0,1.01],[0,0,0.99],[0,0,0.99],[0,0,0.99],[0.01,0,0.99],[0.01,0,0.99],[0,0,0.99],[0.01,0.02,1],[0,0.01,0.99],[-0.01,0,1],[0,0,1],[0,0.01,1],[-0.01,0,1],[-0.01,0,0.99],[-0.01,-0.01,0.99],[-0.01,-0.01,0.99],[-0.01,-0.02,0.99],[-0.01,0,0.99]


Duration : 2.489000082015991 25recorded
1.1082916813027783,0.7884153662268584,0.7494773286554919,0.9883505780524799,0.8945040774538862,0.9805185693594729,1.0914798754627242,0.7087448874124906,1.0550245151608941,0.8663729352515087
7
[0,0,0.99],[0,0,1],[0,0,0.99],[-0.02,0,0.99],[-0.02,0,0.99],[-0.01,0,1],[-0.01,0,0.98],[-0.01,0,0.99],[0,0,1],[0,0,1],[-0.01,0,0.99],[0.01,0,0.99],[0.01,0,1],[0,0,0.99],[0.01,0.01,1],[0,0.01,0.99],[0,0.01,0.99],[-0.01,0.01,0.99],[0,0,0.99],[0,0.01,1],[-0.01,-0.01,1],[-0.01,0,0.99],[0,0,1],[-0.01,-0.02,0.99],[-0.04,0.01,1.02]
