LOG: Duration : 3.0910000801086426 31recorded
LOG: [0,0,1],[0,0.01,1],[0,0,1],[0,0,1],[-0.01,0,1],[0,0.02,1],[-0.01,0.01,1],[0.01,0.02,1],[-0.01,0.01,1],[-0.01,0,1],[-0.01,0,1],[-0.03,-0.01,1],[-0.01,0,1],[-0.02,0,1],[-0.03,0.01,1],[0,0.01,0.9615384615384615],[-0.02,0,1.0384615384615385],[-0.01,-0.01,1],[0.01,0,1],[0,0,1],[-0.01,0,1],[0.04,0,1],[0.01,-0.01,1],[0.01,-0.01,1],[0.01,-0.01,1],[-0.02,0.01,1],[-0.01,0.01,0.9615384615384615],[0,0.01,0.9615384615384615],[0,0.01,1],[-0.03,0.03,1],[-0.02,0.02,1]


LOG: Duration : 3.5999999046325684 36recorded
LOG: [0,0.01,1],[0,0.01,1],[0,0.01,1],[0,0.01,1],[-0.01,0.01,1],[-0.01,0.01,1],[-0.05,0,1],[0,0.01,1],[0.02,0.03,1],[0.01,0.03,1],[-0.01,0,1],[-0.01,0,1],[0,0.02,1],[0.01,0.03,0.9615384615384615],[-0.01,0.01,1],[-0.07,-0.05,1],[-0.01,0,1],[-0.03,0,1],[-0.04,0,1],[-0.01,0.01,0.9615384615384615],[-0.01,0.01,0.9615384615384615],[0.01,-0.01,1],[-0.01,0,1],[-0.02,0,0.9615384615384615],[0.02,0,1],[0.04,0,1],[0.01,-0.02,1],[0.01,-0.01,1],[0,-0.01,1],[-0.01,0,1],[0.01,-0.01,1.0384615384615385],[0,0.01,0.9615384615384615],[-0.01,0.01,0.9615384615384615],[0,0.01,1],[-0.02,0.03,1],[-0.02,0.02,1]

LOG: Duration : 3.4170000553131104 34recorded
LOG: [0,0,1],[-0.01,0,1],[0,0,1],[0,0,1],[0.09,0.19,1],[0,0,1],[-0.01,0,1],[0,0,1],[-0.01,-0.01,1],[0,0.01,1],[-0.01,0,1],[0,0.03,1],[-0.04,-0.03,1],[-0.01,0,1],[-0.02,0.01,1],[-0.02,0,1],[-0.03,0,1],[-0.01,0,0.9615384615384615],[0,0,1],[-0.01,0,1],[-0.02,0,1],[0.01,0,1],[-0.01,0,1],[0.01,0,1],[0.03,0,1],[0.01,-0.02,1],[0.01,-0.01,1],[0.02,-0.01,1],[0,-0.01,1],[-0.01,-0.01,0.9615384615384615],[-0.01,0,1],[-0.01,0.01,1],[0,0.01,1],[-0.02,0.02,1]


LOG: Duration : 3.2089998722076416 32recorded
LOG: [0,0,1],[0,0,1],[0.01,0.01,1],[0.01,0.02,1],[0,0,1],[-0.01,0.01,1],[-0.01,-0.02,1],[-0.01,0,1],[0,0.01,1],[0,0.02,1],[-0.01,-0.01,1],[-0.03,-0.02,1],[-0.03,0,1],[-0.04,-0.01,1],[-0.01,0,0.9615384615384615],[0,0,1],[0,0,1],[-0.01,0.01,1],[0,0,1],[-0.01,0.01,1],[0.01,0,1],[0.02,0,1],[-0.01,0,0.9615384615384615],[0,0,1],[0,0,1],[-0.01,-0.01,1],[0,0,1],[-0.01,-0.01,1],[0,0,0.9615384615384615],[-0.01,0.01,0.9615384615384615],[-0.01,0.01,1],[-0.01,0.01,1]


LOG: Duration : 3.299999952316284 33recorded
LOG: [-0.01,0,1],[-0.01,0,1],[-0.01,0,1],[0,0,1],[0.01,0.03,1],[-0.01,-0.01,1],[0,0.02,1],[0,0,1],[-0.01,-0.01,1],[-0.02,-0.01,1],[0.02,0.01,1],[-0.02,-0.01,1],[-0.06,-0.06,1],[-0.04,0.01,1],[-0.03,-0.01,1],[-0.01,0.01,1],[-0.02,0.01,0.9615384615384615],[0,0,0.9615384615384615],[-0.01,-0.01,1],[0,-0.01,1],[0.01,0,1],[0.02,0,1],[0,0,1],[0,-0.01,1],[0.01,-0.01,1],[0.01,-0.01,1],[-0.01,0,1],[0,0,1],[-0.01,0.01,1],[0,0,1],[-0.01,0.01,1],[-0.01,0.02,1],[-0.01,0.02,1]


LOG: Duration : 3.300999879837036 33recorded
LOG: [0,0,1],[-0.01,0,1],[0,0,1],[0.02,0.04,1],[0,0.01,1],[0.01,0.03,1],[-0.01,-0.01,0.9615384615384615],[0,0.01,1],[0,0.01,1],[0,0,1],[-0.01,0,1],[-0.03,-0.01,1],[-0.02,0,1],[-0.04,-0.01,0.9615384615384615],[-0.02,0,1],[-0.02,0,1],[0.01,-0.02,0.9615384615384615],[0.01,0.01,1.0384615384615385],[-0.02,0,1],[0.01,0,1],[0.02,0,1],[0.02,0,1],[0,-0.01,1],[0.01,-0.02,1],[0,-0.01,1],[0,-0.01,1],[0,0,1],[0,-0.01,1],[0,0,1],[-0.01,0.01,1],[-0.01,0.01,1],[-0.01,0.01,1],[0,0,1]

LOG: Duration : 3.2680001258850098 33recorded
LOG: [0,0,1],[-0.01,0,1],[0,0,1],[0,0,1],[0,0.01,1],[0.01,0.02,1],[0.01,0.01,0.923076923076923],[0,0,1],[0.01,0.02,1],[0,0.01,1],[0.01,0.02,1],[-0.01,-0.01,1],[-0.04,-0.03,0.9615384615384615],[-0.01,0,1],[-0.01,0,1],[-0.02,0,1],[-0.01,0,1],[-0.01,0,1],[-0.02,-0.01,1],[-0.02,0,0.9615384615384615],[0.02,0.01,1],[0.01,0,1],[0.03,0,1],[0,-0.01,1],[0.01,-0.01,1],[0.01,-0.02,1],[-0.01,-0.01,1],[-0.02,-0.01,0.9615384615384615],[-0.01,0,0.9615384615384615],[-0.01,0.01,1],[-0.01,0.02,1],[-0.02,0.02,1],[-0.01,0,1]


LOG: Duration : 3.236999988555908 32recorded
LOG: [-0.01,0,1],[-0.01,0,1],[-0.01,0,1],[-0.01,0,1],[-0.01,0,1],[-0.01,0.01,1],[-0.01,0,1],[-0.01,0,1],[0,0.02,1],[0,0.01,1.0384615384615385],[0.02,0.03,1],[-0.01,0,1.0384615384615385],[-0.02,0.01,0.9615384615384615],[-0.03,-0.02,1],[-0.04,0,0.9615384615384615],[-0.06,0,0.9615384615384615],[-0.01,-0.01,1],[-0.01,-0.01,1],[-0.02,-0.01,0.9615384615384615],[0.02,0,1],[0.01,0,1],[0.02,-0.01,1],[0,-0.01,0.9615384615384615],[0.01,-0.01,1],[0,-0.01,1],[0.01,-0.01,1],[-0.01,-0.01,1],[-0.01,-0.01,0.9615384615384615],[0,0,1],[-0.01,0.03,1],[-0.02,0.02,1],[-0.01,0,1]

LOG: Duration : 3.2150001525878906 32recorded
LOG: [-0.01,0,1],[-0.01,0,0.9615384615384615],[-0.01,0,1],[-0.01,0,1],[0.03,0.03,1],[0,0.01,1],[0,0.02,1],[0,0.02,1],[0.01,0.02,1],[0,0.02,0.9615384615384615],[0.01,0.02,1],[0.01,0.01,1],[-0.01,-0.01,1],[-0.03,-0.01,1],[-0.01,0,1],[-0.04,0,1],[-0.01,0,1],[-0.02,0,1],[-0.01,-0.01,1],[0,0.01,1],[0,0,1],[0.01,0,1],[0.04,0,1],[0.01,-0.02,1],[0.01,-0.01,1],[0,-0.01,1],[-0.02,-0.01,1],[-0.01,-0.01,1],[-0.01,0.02,1],[0,0.02,1],[0,0,1],[-0.02,0.02,1]

LOG: Duration : 3.115000009536743 31recorded
LOG: [-0.01,0,1],[-0.01,0,1],[-0.01,0,1],[-0.01,0,1],[-0.01,0,1],[-0.01,0,1],[0,0.01,1],[0,0.02,1],[0,0.02,1],[0.01,0.02,1],[-0.02,-0.01,0.9615384615384615],[-0.03,-0.01,1],[-0.03,-0.02,0.9615384615384615],[-0.01,0,1],[-0.02,0,1],[-0.04,-0.01,1],[-0.02,0,1],[-0.03,0,1],[-0.01,0,0.9615384615384615],[-0.01,0,0.9615384615384615],[0,0,1],[0.02,-0.01,1],[0.01,-0.02,1],[0.02,-0.03,1],[0.01,-0.01,1],[0,-0.01,0.9615384615384615],[0,-0.01,1],[0,0,1],[-0.03,0.03,0.9615384615384615],[-0.02,0.02,1],[-0.02,0.02,1]
