
LOG: Duration : 1.9190001487731934 19recorded
LOG: [-0.01,0,1],[-0.01,0,1],[-0.01,0,1],[-0.01,0,1],[-0.02,0,1],[-0.04,-0.01,0.9615384615384615],[-0.03,0,1],[-0.01,0.01,1],[-0.02,0,0.923076923076923],[-0.02,0.01,1],[-0.01,0.01,0.9615384615384615],[-0.01,0,0.9615384615384615],[0.01,0.01,0.9615384615384615],[0,0.01,1],[-0.01,0,1],[-0.02,0,1],[0.02,0,0.9615384615384615],[0.05,0,0.9615384615384615],[0.01,0,1]

LOG: Duration : 1.7979998588562012 18recorded
LOG: [-0.01,0,1],[-0.01,0,1],[-0.01,0,0.9615384615384615],[-0.01,0,1],[-0.03,0,1],[-0.02,0.01,1],[-0.04,0.01,1],[-0.02,-0.01,1.0384615384615385],[-0.01,-0.01,0.9615384615384615],[0,0,1],[0.01,0.02,1.0384615384615385],[0.01,0.01,1],[0,0,1],[-0.01,-0.01,1],[0.01,0,1],[0.01,0,1],[0.02,0,1],[0.02,0.02,1]


LOG: Duration : 1.7999999523162842 18recorded
LOG: [-0.01,0.01,1],[-0.01,0,1],[-0.01,0,1],[-0.03,0,1],[-0.03,0,1],[-0.02,0,1],[-0.02,0,1],[-0.03,0,0.9615384615384615],[-0.01,0,1],[-0.01,-0.01,0.9615384615384615],[0,0,1],[0,0,1],[0.01,0,1],[0,0,1],[0.01,0,1],[0.01,0,0.9615384615384615],[0.02,0,1],[0.01,0,1]


LOG: Duration : 1.7999999523162842 18recorded
LOG: [-0.01,0,1],[-0.01,0,1],[-0.03,-0.01,1],[-0.03,0,1],[-0.04,0,0.9615384615384615],[-0.03,0,0.9615384615384615],[0,-0.01,1],[-0.01,0,1],[0,0,1],[0,0,1],[0.01,0.01,1],[0.01,0,1],[0.01,0,1],[0.01,0,1],[0.03,0,1],[0.01,0,1],[0.01,-0.01,1],[0.01,0,1]


LOG: Duration : 1.8889999389648438 19recorded
LOG: [-0.01,0,1],[-0.01,0,1],[-0.01,0,1],[-0.01,0,1],[-0.02,0,1],[-0.02,0,1],[-0.01,0,1],[-0.03,0.01,1],[-0.03,0,1],[-0.01,0,1],[-0.01,0.01,0.9615384615384615],[0,0.01,1],[0.01,0,1],[0,0,1],[0.01,0,0.9615384615384615],[0.01,0,1],[0.01,0,1],[0.02,0,1],[0.01,0,1]

LOG: Duration : 1.8910000324249268 19recorded
LOG: [-0.01,0,0.9615384615384615],[-0.01,0,1],[-0.02,0,1],[-0.02,0.01,1],[-0.01,0,1],[-0.01,0,1],[-0.02,0,0.9615384615384615],[-0.02,-0.01,1],[-0.02,0,1],[0,0,1],[-0.01,0,1],[-0.01,0.01,1],[0.01,0.01,1],[0.01,0.01,1],[0.01,0,1],[0,0,0.9615384615384615],[0,0,1],[0.03,0.01,1],[0.01,0,1]


LOG: Duration : 2.009999990463257 20recorded
LOG: [-0.01,0,1],[-0.01,0,1],[-0.02,0,1],[-0.03,0,1],[-0.02,0,1],[-0.02,0,1],[-0.01,0,1],[-0.02,0.01,1],[0,0.01,0.9615384615384615],[-0.02,0,1],[-0.01,0.01,1],[0,0,1],[0.01,0.01,1],[-0.01,0,0.9615384615384615],[-0.01,0.01,1],[0.01,0,1],[0.01,0,1],[0.01,0.01,0.9615384615384615],[0.03,0,1],[0.01,0,1]


LOG: Duration : 1.8919999599456787 19recorded
LOG: [-0.01,0,1],[-0.01,0,1],[-0.02,0,1],[-0.02,0.01,1],[-0.01,0,1],[-0.02,0.01,0.9615384615384615],[-0.02,0,0.9615384615384615],[0,0,1],[-0.02,0.01,1],[-0.01,0,1],[0,0.01,1],[0,0.01,1],[0.01,0.01,1],[0,0,1],[0.01,0.01,1],[0.02,0.01,1],[0.01,0,1],[0.01,0,1],[0,0,1]

LOG: Duration : 1.7999999523162842 18recorded
LOG: [-0.01,0,1],[-0.01,0,1],[-0.01,0,1],[-0.04,0,1],[-0.02,0.01,1],[-0.02,0,1],[-0.02,-0.01,0.9615384615384615],[-0.02,0,1],[-0.02,0,0.9615384615384615],[-0.01,0.01,1],[0,0.01,1.0384615384615385],[0,0.02,1],[0,0,1],[0,0,1],[0.01,0,0.9615384615384615],[0.02,0,0.923076923076923],[0.01,0,1],[-0.03,0,0.923076923076923]

LOG: Duration : 1.8859999179840088 19recorded
LOG: [-0.01,0,1],[-0.01,0,1],[-0.01,0,1],[-0.01,0,1],[-0.02,0,1],[-0.03,0,1],[-0.02,0,1],[-0.02,0,1],[-0.02,0,1],[-0.01,0,1],[-0.02,0.01,1],[0,0.01,1],[-0.01,0.01,1],[0.01,0.01,0.9615384615384615],[0.01,0,1],[0.01,0,1],[0.03,0,0.9615384615384615],[0.03,0.01,1],[0.01,0,1]
