LOG: Duration : 1.8900001049041748 19recorded
LOG: [0.01,0,1],[0.01,0,1],[0.01,-0.01,1],[0.04,0,1],[0.03,0,0.9615384615384615],[0.02,0,1],[0,-0.01,1.0384615384615385],[-0.01,-0.01,1],[0.01,0,1],[0.01,0,1],[0.01,0,1],[-0.02,-0.01,1],[0,0.01,1],[-0.03,0.01,1.0384615384615385],[-0.02,0,1],[-0.01,0,1],[-0.01,-0.01,1],[-0.02,0,1],[-0.01,0,1]

LOG: Duration : 1.7960000038146973 18recorded
LOG: [0.01,0,1],[0.01,0,0.8846153846153846],[-0.01,-0.03,0.9615384615384615],[0.04,0,1],[0.05,0.02,1],[0,0.01,0.9615384615384615],[0,0.01,1],[-0.01,-0.01,1],[-0.01,0,0.9615384615384615],[-0.01,0,1],[-0.01,-0.01,1],[-0.03,0,1],[-0.02,0,1],[-0.01,0,1],[-0.02,0,1],[0,0,1],[-0.01,0,1],[-0.01,0,0.9615384615384615]


LOG: Duration : 1.8889999389648438 19recorded
LOG: [0.01,0,1],[0.01,0,1],[0.04,0,0.9615384615384615],[0.03,0,0.9615384615384615],[0,-0.01,0.9615384615384615],[0.01,0.01,1],[-0.01,0,1],[0.01,0.03,1],[-0.01,0.01,1],[0.01,0,1],[-0.02,0,0.9615384615384615],[-0.03,0.01,1],[0,0.01,1],[0,0.01,1],[-0.01,0,0.9615384615384615],[-0.01,0.01,1],[-0.02,0,1],[-0.06,0,0.9615384615384615],[-0.02,0,0.9615384615384615]


LOG: Duration : 1.801999807357788 18recorded
LOG: [0.01,0,1],[0.01,0,1],[0.01,0,1],[0.03,0.01,1],[0.02,0.01,0.9615384615384615],[0.03,0.01,1],[-0.02,-0.01,1],[0.01,0.01,1],[-0.01,0,1],[0.01,0,1],[0.01,-0.01,1],[0,0,1.0384615384615385],[-0.01,-0.02,1],[-0.01,0,1],[0,0,0.9615384615384615],[-0.03,0,1],[-0.01,0,1],[-0.02,0,1]


LOG: Duration : 2.009000062942505 20recorded
LOG: [0.01,0,1],[0.01,0,1],[0.02,0,1],[0.03,0.01,0.9615384615384615],[0,0,1],[0.01,0.01,1],[-0.01,0.01,1],[-0.01,-0.01,0.9615384615384615],[0,0,1],[0.01,0,1],[0,0.01,1.0384615384615385],[-0.02,-0.01,1],[0.01,-0.01,1],[0.04,0.01,1],[-0.01,0,1],[-0.01,-0.02,1],[-0.01,0,1],[-0.03,0,1],[-0.02,0,1],[-0.02,0,1]


LOG: Duration : 2.1019999980926514 21recorded
LOG: [0.01,0,1],[0.01,0,1],[0.02,0.01,1],[0.03,-0.02,0.9615384615384615],[0.01,0,0.9615384615384615],[0.01,0,0.9615384615384615],[0,0.01,1],[0.01,0.01,0.9615384615384615],[0.01,0.01,0.9615384615384615],[0.02,0.01,1],[0.02,0.01,1],[-0.03,-0.04,1],[-0.01,-0.01,1],[-0.02,-0.01,1],[0.01,0.01,1],[-0.01,0,1],[-0.03,-0.01,1],[-0.02,-0.01,1],[-0.02,0,1],[0,0,1],[-0.02,0,1]


LOG: Duration : 2.0999999046325684 21recorded
LOG: [0.01,0,1],[0.01,0,1],[0.03,0,1],[0.02,0,1],[0.02,0,0.9615384615384615],[0.01,0,1],[0,0,1],[-0.02,0,0.9615384615384615],[0.01,-0.01,1],[-0.01,0,1],[0.01,-0.01,0.9615384615384615],[0,0,0.9615384615384615],[0,0.01,1],[0,0,1],[0,0,1],[-0.02,0,1],[-0.02,0,1],[-0.01,0,1],[-0.01,0,1],[-0.02,0,1],[-0.01,0,1]


LOG: Duration : 2.0989999771118164 21recorded
LOG: [0.01,0,1],[0.01,0,1],[-0.01,-0.03,1],[0.02,0.01,0.9615384615384615],[0.03,0.01,0.9615384615384615],[0.02,0.01,0.9615384615384615],[0,0,1],[-0.01,-0.01,1],[0.03,0,1],[-0.03,-0.02,1],[0.01,0.02,1],[-0.03,-0.01,1],[0.02,-0.01,0.9615384615384615],[-0.01,0,1],[-0.03,-0.01,0.9615384615384615],[-0.01,0,1],[-0.01,0,1],[-0.02,-0.01,1],[-0.01,0,1],[-0.03,0,1],[-0.02,0,1]



LOG: Duration : 2.0999999046325684 21recorded
LOG: [0,0,1],[0,0,1],[0,0,1],[0.01,0,1],[0.01,0,1],[0,0,1],[0,0,1],[0,0.01,1],[0,0,1],[-0.01,-0.01,1],[0,-0.01,1],[0,0,1],[-0.01,0,1],[-0.01,0.01,1],[-0.01,0,0.9615384615384615],[-0.02,0,1],[-0.01,0,1],[0,0,0.9615384615384615],[-0.02,0.01,1],[-0.01,0,1],[0,0,1]


LOG: Duration : 2.0999999046325684 21recorded
LOG: [0.02,0.02,0.9615384615384615],[0.01,0,1.0384615384615385],[0.01,0,1],[0.04,0,1],[0,-0.01,1],[0.01,0,0.9615384615384615],[-0.02,0,1],[0.01,0.01,1],[0.01,0.02,1],[-0.01,-0.01,1],[0.01,0,1],[-0.02,0,1],[-0.01,0,1],[-0.02,0.01,1],[-0.02,0,0.9615384615384615],[-0.01,0,1],[-0.01,0,1],[-0.02,0,1],[-0.01,0.01,1],[-0.01,0,1],[-0.01,0,1]